0.12533323356430764	0.007885298685522374	-1.996053456856543
0.37402312072916183	0.023531540185846862	-1.9645745014573768
0.6168144398495349	0.038806675240379805	-1.9021130325903064
0.8498782267863952	0.05346980584438788	-1.809654104932038
1.06953892639419	0.06728968566891617	-1.6886558510040293
1.2723323582211628	0.08004836695353587	-1.5410264855515776
1.4550603487044786	0.09154463767272175	-1.3690942118573766
1.6148411682778048	0.101597194769693	-1.1755705045849456
1.7491549779680349	0.11004750341392386	-0.96350734820343
1.8558835687611732	0.1167622971901251	-0.7362491053693555
1.9333437670238425	0.12163567978922267	-0.49737977432970937
1.9803139791569604	0.12459079505641112	-0.2506664671286085
1.9960534568565431	0.1255810390586266	-2.6159013735064714e-16
1.9803139791569604	0.12459079505641112	0.250666467128608
1.9333437670238425	0.12163567978922267	0.49737977432970887
1.8558835687611734	0.11676229719012511	0.7362491053693551
1.7491549779680353	0.11004750341392389	0.9635073482034294
1.614841168277805	0.10159719476969302	1.1755705045849452
1.455060348704479	0.09154463767272178	1.3690942118573761
1.2723323582211634	0.08004836695353591	1.5410264855515772
1.0695389263941906	0.06728968566891622	1.6886558510040288
0.8498782267863957	0.05346980584438791	1.8096541049320378
0.6168144398495358	0.03880667524037986	1.9021130325903062
0.3740231207291623	0.02353154018584689	1.9645745014573768
0.1253332335643081	0.007885298685522402	1.996053456856543
-0.12533323356430032	-0.007885298685521912	1.9960534568565433
0.1233566536005539	0.023531540185847327	-1.996053456856543
0.36812455268468075	0.07022351411174906	-1.9645745014573768
0.6070869076660217	0.11580802127061453	-1.9021130325903064
0.83647513945733	0.1595661667536839	-1.809654104932038
1.052671658613368	0.20080785846683993	-1.6886558510040293
1.2522669168775056	0.2388826902951738	-1.5410264855515776
1.4321131777944889	0.27319019939595063	-1.3690942118573766
1.5893741583947087	0.30318933585633867	-1.1755705045849456
1.7215697590709431	0.32840699537374196	-0.96350734820343
1.826615176230704	0.34844548039327167	-0.7362491053693555
1.9028537808942914	0.3629887720357589	-0.49737977432970937
1.9490832447234252	0.3718075139042604	-0.2506664671286085
1.9645745014573774	0.37476262917144887	-2.6159013735064714e-16
1.9490832447234252	0.3718075139042604	0.250666467128608
1.9028537808942914	0.3629887720357589	0.49737977432970887
1.8266151762307041	0.34844548039327167	0.7362491053693551
1.7215697590709436	0.32840699537374207	0.9635073482034294
1.589374158394709	0.30318933585633867	1.1755705045849452
1.4321131777944893	0.27319019939595074	1.3690942118573761
1.2522669168775062	0.23888269029517392	1.5410264855515772
1.0526716586133686	0.20080785846684007	1.6886558510040288
0.8364751394573303	0.15956616675368399	1.8096541049320378
0.6070869076660226	0.1158080212706147	1.9021130325903062
0.3681245526846812	0.07022351411174914	1.9645745014573768
0.12335665360055434	0.02353154018584741	1.996053456856543
-0.12335665360054668	-0.023531540185845946	1.9960534568565433
0.11943466551982643	0.038806675240380735	-1.996053456856543
0.35642044053741373	0.11580802127061503	-1.9645745014573768
0.5877852522924752	0.19098300562505308	-1.9021130325903064
0.8098803394929949	0.2631460738930667	-1.809654104932038
1.0192031299406454	0.33115917137994155	-1.6886558510040293
1.212452478186694	0.39394969090925475	-1.5410264855515776
1.3865807265677357	0.4505273884787908	-1.3690942118573766
1.5388417685876272	0.4999999999999997	-1.1755705045849456
1.6668343566573778	0.5415873128356865	-0.96350734820343
1.768539971204061	0.5746334702193759	-0.7362491053693555
1.8423546539302869	0.5986173145083096	-0.49737977432970937
1.8871143031947084	0.6131606061507968	-0.2506664671286085
1.9021130325903073	0.6180339887498943	-2.6159013735064714e-16
1.8871143031947084	0.6131606061507968	0.250666467128608
1.8423546539302869	0.5986173145083096	0.49737977432970887
1.7685399712040613	0.5746334702193759	0.7362491053693551
1.666834356657378	0.5415873128356866	0.9635073482034294
1.5388417685876274	0.49999999999999983	1.1755705045849452
1.3865807265677361	0.4505273884787909	1.3690942118573761
1.2124524781866948	0.39394969090925497	1.5410264855515772
1.019203129940646	0.3311591713799418	1.6886558510040288
0.8098803394929953	0.2631460738930669	1.8096541049320378
0.587785252292476	0.19098300562505335	1.9021130325903062
0.3564204405374142	0.11580802127061517	1.9645745014573768
0.11943466551982684	0.038806675240380874	1.996053456856543
-0.11943466551981943	-0.038806675240378466	1.9960534568565433
0.11362912141704042	0.05346980584438922	-1.996053456856543
0.33909536512762095	0.15956616675368476	-1.9645745014573768
0.5592138723643865	0.263146073893067	-1.9021130325903064
0.7705132427757911	0.3625760102513108	-1.809654104932038
0.9696611590663208	0.4562879063354814	-1.6886558510040293
1.1535169396308753	0.5428038695635584	-1.5410264855515776
1.3191810689798324	0.6207594915133038	-1.3690942118573766
1.4640409248304047	0.6889253654581385	-1.1755705045849456
1.5858119807207451	0.7462264748456334	-0.96350734820343
1.6825738343569607	0.7917591469507242	-0.7362491053693555
1.7528004935044783	0.8248053043344137	-0.49737977432970937
1.795384441797169	0.8448437893539433	-0.2506664671286085
1.8096541049320394	0.8515585831301445	-2.6159013735064714e-16
1.795384441797169	0.8448437893539433	0.250666467128608
1.7528004935044783	0.8248053043344137	0.49737977432970887
1.6825738343569607	0.7917591469507244	0.7362491053693551
1.5858119807207456	0.7462264748456336	0.9635073482034294
1.464040924830405	0.6889253654581386	1.1755705045849452
1.319181068979833	0.6207594915133039	1.3690942118573761
1.153516939630876	0.5428038695635586	1.5410264855515772
0.9696611590663213	0.4562879063354817	1.6886558510040288
0.7705132427757916	0.36257601025131103	1.8096541049320378
0.5592138723643872	0.2631460738930674	1.9021130325903062
0.33909536512762134	0.15956616675368496	1.9645745014573768
0.11362912141704082	0.05346980584438941	1.996053456856543
-0.11362912141703377	-0.05346980584438609	1.9960534568565433
0.10603157819076077	0.06728968566891792	-1.996053456856543
0.31642255324401325	0.2008078584668412	-1.9645745014573768
0.5218233556109365	0.3311591713799423	-1.9021130325903064
0.7189946919377128	0.45628790633548183	-1.809654104932038
0.904827052466021	0.5742207084349276	-1.6886558510040293
1.076389749859459	0.6830977069395303	-1.5410264855515776
1.2309771378935446	0.7812018465429061	-1.3690942118573766
1.3661512811129504	0.8669859663589374	-1.1755705045849456
1.4797804025299877	0.9390971995731762	-0.96350734820343
1.5700725030211624	0.9963983089606712	-0.7362491053693555
1.635603622223843	1.0379856217963581	-0.49737977432970937
1.6753402952418095	1.0632032813137613	-0.2506664671286085
1.6886558510040308	1.0716535899579922	-2.6159013735064714e-16
1.6753402952418095	1.0632032813137613	0.250666467128608
1.635603622223843	1.0379856217963581	0.49737977432970887
1.5700725030211626	0.9963983089606713	0.7362491053693551
1.4797804025299879	0.9390971995731764	0.9635073482034294
1.3661512811129506	0.8669859663589375	1.1755705045849452
1.230977137893545	0.7812018465429064	1.3690942118573761
1.0763897498594597	0.6830977069395306	1.5410264855515772
0.9048270524660217	0.5742207084349279	1.6886558510040288
0.7189946919377131	0.4562879063354821	1.8096541049320378
0.5218233556109372	0.3311591713799427	1.9021130325903062
0.3164225532440136	0.20080785846684143	1.9645745014573768
0.10603157819076114	0.06728968566891816	1.996053456856543
-0.10603157819075457	-0.06728968566891398	1.9960534568565433
0.09676185363621821	0.08004836695353801	-1.996053456856543
0.28875956867407626	0.23888269029517548	-1.9645745014573768
0.476203372817339	0.39394969090925586	-1.9021130325903064
0.6561371653011666	0.5428038695635593	-1.809654104932038
0.8257232827308508	0.6830977069395308	-1.6886558510040293
0.9822872507286898	0.8126186854142753	-1.5410264855515776
1.123359961992577	0.9293241817851642	-1.3690942118573766
1.2467166155931273	1.0313736806579439	-1.1755705045849456
1.3504118034133674	1.1171578004739753	-0.96350734820343
1.4328101903968695	1.18532367441881	-0.7362491053693555
1.4926123047584934	1.2347962859400192	-0.49737977432970937
1.5288750314307045	1.2647954224004072	-0.2506664671286085
1.5410264855515792	1.2748479794973784	-2.6159013735064714e-16
1.5288750314307045	1.2647954224004072	0.250666467128608
1.4926123047584934	1.2347962859400192	0.49737977432970887
1.4328101903968697	1.1853236744188103	0.7362491053693551
1.3504118034133679	1.1171578004739755	0.9635073482034294
1.2467166155931275	1.031373680657944	1.1755705045849452
1.1233599619925771	0.9293241817851644	1.3690942118573761
0.9822872507286904	0.8126186854142757	1.5410264855515772
0.8257232827308513	0.6830977069395312	1.6886558510040288
0.656137165301167	0.5428038695635596	1.8096541049320378
0.4762033728173397	0.3939496909092564	1.9021130325903062
0.2887595686740766	0.23888269029517578	1.9645745014573768
0.09676185363621856	0.08004836695353829	1.996053456856543
-0.09676185363621255	-0.08004836695353332	1.9960534568565433
0.08596613684710297	0.09154463767272424	-1.996053456856543
0.2565426732095441	0.2731901993959527	-1.9645745014573768
0.4230733783643061	0.4505273884787922	-1.9021130325903064
0.5829319636104775	0.620759491513305	-1.809654104932038
0.7335973635638355	0.7812018465429069	-1.6886558510040293
0.8726934948639687	0.9293241817851645	-1.5410264855515776
0.9980267284282729	1.062790519529313	-1.3690942118573766
1.1076204842929942	1.179496015900202	-1.1755705045849456
1.1997464034600096	1.2776001555035779	-0.96350734820343
1.2729516051506986	1.3555557774533231	-0.7362491053693555
1.3260815996037316	1.4121334750228594	-0.49737977432970937
1.3582984950682637	1.446440984123636	-0.2506664671286085
1.3690942118573786	1.457937254842822	-2.6159013735064714e-16
1.3582984950682637	1.446440984123636	0.250666467128608
1.3260815996037316	1.4121334750228594	0.49737977432970887
1.2729516051506988	1.3555557774533233	0.7362491053693551
1.1997464034600098	1.277600155503578	0.9635073482034294
1.1076204842929944	1.1794960159002021	1.1755705045849452
0.9980267284282732	1.0627905195293135	1.3690942118573761
0.8726934948639692	0.929324181785165	1.5410264855515772
0.733597363563836	0.7812018465429075	1.6886558510040288
0.5829319636104778	0.6207594915133053	1.8096541049320378
0.4230733783643067	0.4505273884787928	1.9021130325903062
0.25654267320954444	0.273190199395953	1.9645745014573768
0.08596613684710327	0.09154463767272455	1.996053456856543
-0.08596613684709793	-0.09154463767271886	1.9960534568565433
0.07381468272622795	0.10159719476969577	-1.996053456856543
0.22027994653733282	0.30318933585634095	-1.9645745014573768
0.3632712640026822	0.5000000000000013	-1.9021130325903064
0.5005335766269753	0.6889253654581401	-1.809654104932038
0.6299021757435953	0.8669859663589384	-1.6886558510040293
0.7493368412634184	1.0313736806579445	-1.5410264855515776
0.856954017164386	1.1794960159002021	-1.3690942118573766
0.9510565162951551	1.3090169943749468	-1.1755705045849456
1.0301602860303252	1.4178939928795495	-0.96350734820343
1.0930178126668715	1.5044099561076267	-0.7362491053693555
1.1386377954604687	1.56720047563694	-0.49737977432970937
1.1663007800304055	1.605275307465274	-0.2506664671286085
1.1755705045849478	1.6180339887498936	-2.6159013735064714e-16
1.1663007800304055	1.605275307465274	0.250666467128608
1.1386377954604687	1.56720047563694	0.49737977432970887
1.0930178126668715	1.5044099561076267	0.7362491053693551
1.0301602860303256	1.41789399287955	0.9635073482034294
0.9510565162951553	1.309016994374947	1.1755705045849452
0.8569540171643862	1.1794960159002024	1.3690942118573761
0.7493368412634187	1.031373680657945	1.5410264855515772
0.6299021757435956	0.866985966358939	1.6886558510040288
0.5005335766269755	0.6889253654581404	1.8096541049320378
0.3632712640026827	0.5000000000000021	1.9021130325903062
0.22027994653733307	0.3031893358563413	1.9645745014573768
0.07381468272622821	0.10159719476969613	1.996053456856543
-0.07381468272622363	-0.10159719476968981	1.9960534568565433
0.06049912696400622	0.11004750341392688	-1.996053456856543
0.1805432735193661	0.32840699537374457	-1.9645745014573768
0.2977401448000017	0.5415873128356884	-1.9021130325903064
0.4102414761358003	0.7462264748456353	-1.809654104932038
0.5162730543265581	0.9390971995731776	-1.6886558510040293
0.6141626980440125	1.1171578004739762	-1.5410264855515776
0.7023666291303007	1.2776001555035783	-1.3690942118573766
0.7794938189017172	1.41789399287955	-1.1755705045849456
0.8443279255020171	1.5358267949789959	-0.96350734820343
0.8958464763400955	1.6295386910631666	-0.7362491053693555
0.9332369930935456	1.6975517885500417	-0.49737977432970937
0.9559098049771532	1.7387934802631977	-0.2506664671286085
0.9635073482034326	1.752613360087726	-2.6159013735064714e-16
0.9559098049771532	1.7387934802631977	0.250666467128608
0.9332369930935456	1.6975517885500417	0.49737977432970887
0.8958464763400956	1.6295386910631668	0.7362491053693551
0.8443279255020172	1.5358267949789963	0.9635073482034294
0.7794938189017173	1.4178939928795502	1.1755705045849452
0.7023666291303009	1.2776001555035787	1.3690942118573761
0.6141626980440128	1.1171578004739768	1.5410264855515772
0.5162730543265585	0.9390971995731782	1.6886558510040288
0.41024147613580053	0.7462264748456358	1.8096541049320378
0.2977401448000021	0.5415873128356892	1.9021130325903062
0.1805432735193663	0.32840699537374496	1.9645745014573768
0.06049912696400644	0.11004750341392727	1.996053456856543
-0.06049912696400268	-0.11004750341392044	1.9960534568565433
0.04622946382913547	0.11676229719012833	-1.996053456856543
0.13795932522667514	0.34844548039327444	-1.9645745014573768
0.22751348565248397	0.574633470219378	-1.9021130325903064
0.3134796224995848	0.7917591469507264	-1.809654104932038
0.3945019984362175	0.9963983089606728	-1.6886558510040293
0.4693028421934404	1.1853236744188114	-1.5410264855515776
0.5367024997813438	1.355555777453324	-1.3690942118573766
0.5956380383371627	1.5044099561076274	-1.1755705045849456
0.6451800092114874	1.6295386910631668	-0.96350734820343
0.6845471059286912	1.7289686274214107	-0.7362491053693555
0.7131184858567801	1.8011316956894243	-0.49737977432970937
0.7304435612665727	1.8448898411724939	-0.2506664671286085
0.7362491053693586	1.8595529717765018	-2.6159013735064714e-16
0.7304435612665727	1.8448898411724939	0.250666467128608
0.7131184858567801	1.8011316956894243	0.49737977432970887
0.6845471059286913	1.7289686274214109	0.7362491053693551
0.6451800092114875	1.6295386910631673	0.9635073482034294
0.5956380383371628	1.5044099561076276	1.1755705045849452
0.536702499781344	1.3555557774533245	1.3690942118573761
0.4693028421934406	1.1853236744188118	1.5410264855515772
0.39450199843621775	0.9963983089606735	1.6886558510040288
0.31347962249958494	0.7917591469507268	1.8096541049320378
0.22751348565248428	0.5746334702193788	1.9021130325903062
0.1379593252266753	0.34844548039327483	1.9645745014573768
0.046229463829135634	0.11676229719012875	1.996053456856543
-0.04622946382913276	-0.11676229719012149	1.9960534568565433
0.031230734433536144	0.12163567978922604	-1.996053456856543
0.09319967596225329	0.36298877203576185	-1.9645745014573768
0.15369880292625793	0.5986173145083119	-1.9021130325903064
0.21177400795290122	0.824805304334416	-1.809654104932038
0.26650941036646686	1.03798562179636	-1.6886558510040293
0.3170418001735485	1.2347962859400206	-1.5410264855515776
0.36257425140030214	1.4121334750228605	-1.3690942118573766
0.4023886900911138	1.567200475636941	-1.1755705045849456
0.43585721876383654	1.6975517885500422	-0.96350734820343
0.46245201872817165	1.8011316956894246	-0.7362491053693555
0.48175367410171815	1.876306680043863	-0.49737977432970937
0.4934577862489852	1.9218911872027287	-0.2506664671286085
0.49737977432971253	1.9371663222572615	-2.6159013735064714e-16
0.4934577862489852	1.9218911872027287	0.250666467128608
0.48175367410171815	1.876306680043863	0.49737977432970887
0.4624520187281717	1.8011316956894248	0.7362491053693551
0.43585721876383665	1.6975517885500426	0.9635073482034294
0.40238869009111383	1.567200475636941	1.1755705045849452
0.36257425140030225	1.4121334750228607	1.3690942118573761
0.31704180017354866	1.2347962859400212	1.5410264855515772
0.266509410366467	1.0379856217963606	1.6886558510040288
0.21177400795290133	0.8248053043344165	1.8096541049320378
0.15369880292625815	0.5986173145083127	1.9021130325903062
0.0931996759622534	0.3629887720357623	1.9645745014573768
0.03123073443353625	0.12163567978922647	1.996053456856543
-0.031230734433534312	-0.12163567978921892	1.9960534568565433
0.015739477699583528	0.12459079505641461	-1.996053456856543
0.046970212133119006	0.37180751390426353	-1.9645745014573768
0.07746019826267052	0.6131606061507994	-1.9021130325903064
0.10672859079314025	0.8448437893539459	-1.809654104932038
0.13431380969023235	1.0632032813137635	-1.6886558510040293
0.15978081957332876	1.2647954224004088	-1.5410264855515776
0.18272799048331875	1.4464409841236376	-1.3690942118573766
0.20279343182697632	1.6052753074652752	-1.1755705045849456
0.21966069960779827	1.7387934802631988	-0.96350734820343
0.23306378693686378	1.8448898411724945	-0.7362491053693555
0.24279131912037713	1.9218911872027291	-0.49737977432970937
0.2486898871648583	1.9685831611286309	-0.2506664671286085
0.250666467128612	1.9842294026289553	-2.6159013735064714e-16
0.2486898871648583	1.9685831611286309	0.250666467128608
0.24279131912037713	1.9218911872027291	0.49737977432970887
0.2330637869368638	1.8448898411724948	0.7362491053693551
0.21966069960779833	1.7387934802631992	0.9635073482034294
0.20279343182697634	1.6052753074652755	1.1755705045849452
0.1827279904833188	1.446440984123638	1.3690942118573761
0.15978081957332885	1.2647954224004094	1.5410264855515772
0.13431380969023243	1.0632032813137642	1.6886558510040288
0.1067285907931403	0.8448437893539463	1.8096541049320378
0.07746019826267063	0.6131606061508001	1.9021130325903062
0.04697021213311906	0.371807513904264	1.9645745014573768
0.015739477699583584	0.12459079505641506	1.996053456856543
-0.01573947769958261	-0.12459079505640731	1.9960534568565433
2.586509507104736e-16	0.12558103905863016	-1.996053456856543
7.718737721281131e-16	0.3747626291714521	-1.9645745014573768
1.2729236830642506e-15	0.618033988749897	-1.9021130325903064
1.7538988271107164e-15	0.8515585831301473	-1.809654104932038
2.207213938925271e-15	1.0716535899579946	-1.6886558510040293
2.6257199683972788e-15	1.2748479794973804	-1.5410264855515776
3.0028168254385825e-15	1.4579372548428238	-1.3690942118573766
3.3325574673468966e-15	1.6180339887498953	-1.1755705045849456
3.6097416872218156e-15	1.7526133600877274	-0.96350734820343
3.829998124334085e-15	1.859552971776503	-0.7362491053693555
3.9898532030956276e-15	1.9371663222572624	-0.49737977432970937
4.086785913421577e-15	1.9842294026289558	-0.2506664671286085
4.119267568565299e-15	2.0	-2.6159013735064714e-16
4.086785913421577e-15	1.9842294026289558	0.250666467128608
3.9898532030956276e-15	1.9371663222572624	0.49737977432970887
3.829998124334086e-15	1.8595529717765031	0.7362491053693551
3.609741687221816e-15	1.7526133600877278	0.9635073482034294
3.332557467346897e-15	1.6180339887498956	1.1755705045849452
3.0028168254385833e-15	1.4579372548428242	1.3690942118573761
2.6257199683972804e-15	1.274847979497381	1.5410264855515772
2.2072139389252724e-15	1.0716535899579953	1.6886558510040288
1.7538988271107172e-15	0.8515585831301478	1.8096541049320378
1.2729236830642526e-15	0.6180339887498979	1.9021130325903062
7.71873772128114e-16	0.37476262917145253	1.9645745014573768
2.5865095071047456e-16	0.1255810390586306	1.996053456856543
-2.586509507104585e-16	-0.1255810390586228	1.9960534568565433
-0.015739477699583074	0.12459079505641467	-1.996053456856543
-0.04697021213311764	0.3718075139042637	-1.9645745014573768
-0.07746019826266827	0.6131606061507996	-1.9021130325903064
-0.10672859079313715	0.8448437893539463	-1.809654104932038
-0.13431380969022846	1.063203281313764	-1.6886558510040293
-0.15978081957332413	1.2647954224004094	-1.5410264855515776
-0.18272799048331345	1.4464409841236383	-1.3690942118573766
-0.20279343182697043	1.6052753074652761	-1.1755705045849456
-0.21966069960779191	1.7387934802631995	-0.96350734820343
-0.233063786936857	1.8448898411724952	-0.7362491053693555
-0.2427913191203701	1.9218911872027298	-0.49737977432970937
-0.24868988716485108	1.9685831611286317	-0.2506664671286085
-0.25066646712860474	1.9842294026289562	-2.6159013735064714e-16
-0.24868988716485108	1.9685831611286317	0.250666467128608
-0.2427913191203701	1.9218911872027298	0.49737977432970887
-0.23306378693685703	1.8448898411724954	0.7362491053693551
-0.21966069960779197	1.7387934802632	0.9635073482034294
-0.20279343182697046	1.6052753074652764	1.1755705045849452
-0.1827279904833135	1.4464409841236388	1.3690942118573761
-0.1597808195733242	1.26479542240041	1.5410264855515772
-0.13431380969022855	1.0632032813137646	1.6886558510040288
-0.1067285907931372	0.8448437893539467	1.8096541049320378
-0.07746019826266838	0.6131606061508005	1.9021130325903062
-0.046970212133117695	0.37180751390426414	1.9645745014573768
-0.01573947769958313	0.12459079505641511	1.996053456856543
0.01573947769958215	-0.12459079505640737	1.9960534568565433
-0.03123073443353572	0.12163567978922617	-1.996053456856543
-0.09319967596225204	0.3629887720357622	-1.9645745014573768
-0.15369880292625585	0.5986173145083125	-1.9021130325903064
-0.21177400795289836	0.8248053043344167	-1.809654104932038
-0.26650941036646325	1.0379856217963608	-1.6886558510040293
-0.3170418001735442	1.2347962859400217	-1.5410264855515776
-0.36257425140029725	1.4121334750228616	-1.3690942118573766
-0.40238869009110834	1.5672004756369424	-1.1755705045849456
-0.43585721876383066	1.6975517885500437	-0.96350734820343
-0.46245201872816544	1.8011316956894263	-0.7362491053693555
-0.48175367410171166	1.8763066800438648	-0.49737977432970937
-0.4934577862489785	1.9218911872027304	-0.2506664671286085
-0.4973797743297058	1.9371663222572633	-2.6159013735064714e-16
-0.4934577862489785	1.9218911872027304	0.250666467128608
-0.48175367410171166	1.8763066800438648	0.49737977432970887
-0.4624520187281655	1.8011316956894265	0.7362491053693551
-0.43585721876383077	1.6975517885500442	0.9635073482034294
-0.4023886900911084	1.5672004756369426	1.1755705045849452
-0.36257425140029736	1.412133475022862	1.3690942118573761
-0.3170418001735444	1.2347962859400223	1.5410264855515772
-0.2665094103664634	1.0379856217963614	1.6886558510040288
-0.21177400795289847	0.8248053043344171	1.8096541049320378
-0.15369880292625607	0.5986173145083132	1.9021130325903062
-0.09319967596225215	0.36298877203576263	1.9645745014573768
-0.031230734433535832	0.1216356797892266	1.996053456856543
0.031230734433533892	-0.12163567978921903	1.9960534568565433
-0.046229463829135065	0.11676229719012848	-1.996053456856543
-0.13795932522667395	0.3484454803932749	-1.9645745014573768
-0.22751348565248197	0.5746334702193788	-1.9021130325903064
-0.31347962249958206	0.7917591469507274	-1.809654104932038
-0.3945019984362141	0.9963983089606742	-1.6886558510040293
-0.46930284219343626	1.185323674418813	-1.5410264855515776
-0.5367024997813391	1.3555557774533258	-1.3690942118573766
-0.5956380383371574	1.5044099561076294	-1.1755705045849456
-0.6451800092114818	1.629538691063169	-0.96350734820343
-0.6845471059286853	1.7289686274214129	-0.7362491053693555
-0.7131184858567738	1.8011316956894268	-0.49737977432970937
-0.7304435612665664	1.8448898411724963	-0.2506664671286085
-0.7362491053693522	1.8595529717765042	-2.6159013735064714e-16
-0.7304435612665664	1.8448898411724963	0.250666467128608
-0.7131184858567738	1.8011316956894268	0.49737977432970887
-0.6845471059286853	1.728968627421413	0.7362491053693551
-0.645180009211482	1.6295386910631695	0.9635073482034294
-0.5956380383371576	1.5044099561076296	1.1755705045849452
-0.5367024997813392	1.3555557774533262	1.3690942118573761
-0.4693028421934365	1.1853236744188134	1.5410264855515772
-0.3945019984362143	0.9963983089606747	1.6886558510040288
-0.3134796224995822	0.7917591469507278	1.8096541049320378
-0.2275134856524823	0.5746334702193796	1.9021130325903062
-0.13795932522667412	0.3484454803932753	1.9645745014573768
-0.04622946382913523	0.1167622971901289	1.996053456856543
0.04622946382913236	-0.11676229719012164	1.9960534568565433
-0.06049912696400587	0.11004750341392708	-1.996053456856543
-0.18054327351936503	0.3284069953737451	-1.9645745014573768
-0.29774014479999994	0.5415873128356894	-1.9021130325903064
-0.41024147613579787	0.7462264748456366	-1.809654104932038
-0.516273054326555	0.9390971995731793	-1.6886558510040293
-0.6141626980440089	1.1171578004739782	-1.5410264855515776
-0.7023666291302966	1.2776001555035805	-1.3690942118573766
-0.7794938189017127	1.4178939928795524	-1.1755705045849456
-0.8443279255020121	1.5358267949789985	-0.96350734820343
-0.8958464763400902	1.6295386910631695	-0.7362491053693555
-0.93323699309354	1.6975517885500446	-0.49737977432970937
-0.9559098049771476	1.7387934802632008	-0.2506664671286085
-0.963507348203427	1.7526133600877292	-2.6159013735064714e-16
-0.9559098049771476	1.7387934802632008	0.250666467128608
-0.93323699309354	1.6975517885500446	0.49737977432970887
-0.8958464763400903	1.6295386910631697	0.7362491053693551
-0.8443279255020123	1.535826794978999	0.9635073482034294
-0.7794938189017128	1.4178939928795526	1.1755705045849452
-0.7023666291302968	1.277600155503581	1.3690942118573761
-0.6141626980440092	1.1171578004739788	1.5410264855515772
-0.5162730543265553	0.9390971995731798	1.6886558510040288
-0.4102414761357981	0.7462264748456371	1.8096541049320378
-0.2977401448000004	0.5415873128356902	1.9021130325903062
-0.18054327351936525	0.3284069953737455	1.9645745014573768
-0.060499126964006084	0.11004750341392747	1.996053456856543
0.06049912696400232	-0.11004750341392064	1.9960534568565433
-0.07381468272622765	0.10159719476969599	-1.996053456856543
-0.22027994653733193	0.3031893358563416	-1.9645745014573768
-0.3632712640026808	0.5000000000000024	-1.9021130325903064
-0.5005335766269733	0.6889253654581415	-1.809654104932038
-0.6299021757435928	0.8669859663589404	-1.6886558510040293
-0.7493368412634154	1.0313736806579468	-1.5410264855515776
-0.8569540171643826	1.1794960159002048	-1.3690942118573766
-0.9510565162951513	1.3090169943749497	-1.1755705045849456
-1.0301602860303212	1.4178939928795526	-0.96350734820343
-1.093017812666867	1.5044099561076298	-0.7362491053693555
-1.1386377954604643	1.5672004756369435	-0.49737977432970937
-1.1663007800304008	1.6052753074652775	-0.2506664671286085
-1.1755705045849432	1.6180339887498971	-2.6159013735064714e-16
-1.1663007800304008	1.6052753074652775	0.250666467128608
-1.1386377954604643	1.5672004756369435	0.49737977432970887
-1.0930178126668673	1.50440995610763	0.7362491053693551
-1.0301602860303214	1.417893992879553	0.9635073482034294
-0.9510565162951515	1.30901699437495	1.1755705045849452
-0.8569540171643829	1.179496015900205	1.3690942118573761
-0.7493368412634157	1.0313736806579472	1.5410264855515772
-0.6299021757435932	0.8669859663589409	1.6886558510040288
-0.5005335766269735	0.6889253654581419	1.8096541049320378
-0.3632712640026813	0.5000000000000032	1.9021130325903062
-0.2202799465373322	0.30318933585634195	1.9645745014573768
-0.07381468272622792	0.10159719476969635	1.996053456856543
0.07381468272622334	-0.10159719476969004	1.9960534568565433
-0.0859661368471027	0.09154463767272449	-1.996053456856543
-0.2565426732095433	0.2731901993959534	-1.9645745014573768
-0.4230733783643048	0.4505273884787934	-1.9021130325903064
-0.5829319636104757	0.6207594915133067	-1.809654104932038
-0.7335973635638332	0.7812018465429091	-1.6886558510040293
-0.8726934948639661	0.9293241817851671	-1.5410264855515776
-0.9980267284282699	1.0627905195293161	-1.3690942118573766
-1.1076204842929909	1.1794960159002053	-1.1755705045849456
-1.1997464034600058	1.2776001555035812	-0.96350734820343
-1.2729516051506948	1.355555777453327	-0.7362491053693555
-1.3260815996037276	1.4121334750228631	-0.49737977432970937
-1.3582984950682595	1.44644098412364	-0.2506664671286085
-1.3690942118573743	1.457937254842826	-2.6159013735064714e-16
-1.3582984950682595	1.44644098412364	0.250666467128608
-1.3260815996037276	1.4121334750228631	0.49737977432970887
-1.2729516051506948	1.3555557774533271	0.7362491053693551
-1.1997464034600063	1.2776001555035816	0.9635073482034294
-1.107620484292991	1.1794960159002055	1.1755705045849452
-0.9980267284282702	1.0627905195293164	1.3690942118573761
-0.8726934948639665	0.9293241817851675	1.5410264855515772
-0.7335973635638336	0.7812018465429096	1.6886558510040288
-0.5829319636104761	0.620759491513307	1.8096541049320378
-0.4230733783643054	0.4505273884787941	1.9021130325903062
-0.2565426732095436	0.27319019939595374	1.9645745014573768
-0.08596613684710301	0.0915446376727248	1.996053456856543
0.08596613684709767	-0.09154463767271913	1.9960534568565433
-0.09676185363621802	0.08004836695353826	-1.996053456856543
-0.2887595686740757	0.23888269029517623	-1.9645745014573768
-0.47620337281733804	0.3939496909092571	-1.9021130325903064
-0.6561371653011653	0.542803869563561	-1.809654104932038
-0.8257232827308492	0.6830977069395329	-1.6886558510040293
-0.9822872507286879	0.8126186854142778	-1.5410264855515776
-1.1233599619925747	0.9293241817851671	-1.3690942118573766
-1.2467166155931249	1.0313736806579472	-1.1755705045849456
-1.3504118034133648	1.1171578004739788	-0.96350734820343
-1.4328101903968666	1.1853236744188138	-0.7362491053693555
-1.4926123047584905	1.234796285940023	-0.49737977432970937
-1.5288750314307014	1.2647954224004112	-0.2506664671286085
-1.541026485551576	1.2748479794973824	-2.6159013735064714e-16
-1.5288750314307014	1.2647954224004112	0.250666467128608
-1.4926123047584905	1.234796285940023	0.49737977432970887
-1.4328101903968669	1.185323674418814	0.7362491053693551
-1.350411803413365	1.117157800473979	0.9635073482034294
-1.2467166155931249	1.0313736806579474	1.1755705045849452
-1.123359961992575	0.9293241817851674	1.3690942118573761
-0.9822872507286884	0.8126186854142783	1.5410264855515772
-0.8257232827308496	0.6830977069395333	1.6886558510040288
-0.6561371653011656	0.5428038695635613	1.8096541049320378
-0.4762033728173387	0.39394969090925763	1.9021130325903062
-0.28875956867407604	0.2388826902951765	1.9645745014573768
-0.09676185363621836	0.08004836695353855	1.996053456856543
0.09676185363621236	-0.08004836695353357	1.9960534568565433
-0.10603157819076058	0.06728968566891823	-1.996053456856543
-0.31642255324401264	0.20080785846684213	-1.9645745014573768
-0.5218233556109355	0.3311591713799438	-1.9021130325903064
-0.7189946919377115	0.45628790633548394	-1.809654104932038
-0.9048270524660194	0.5742207084349301	-1.6886558510040293
-1.076389749859457	0.6830977069395334	-1.5410264855515776
-1.2309771378935424	0.7812018465429097	-1.3690942118573766
-1.366151281112948	0.8669859663589414	-1.1755705045849456
-1.4797804025299848	0.9390971995731805	-0.96350734820343
-1.5700725030211595	0.9963983089606757	-0.7362491053693555
-1.63560362222384	1.0379856217963628	-0.49737977432970937
-1.6753402952418064	1.0632032813137662	-0.2506664671286085
-1.6886558510040277	1.071653589957997	-2.6159013735064714e-16
-1.6753402952418064	1.0632032813137662	0.250666467128608
-1.63560362222384	1.0379856217963628	0.49737977432970887
-1.5700725030211597	0.9963983089606758	0.7362491053693551
-1.4797804025299852	0.9390971995731807	0.9635073482034294
-1.3661512811129481	0.8669859663589415	1.1755705045849452
-1.2309771378935426	0.7812018465429099	1.3690942118573761
-1.0763897498594577	0.6830977069395338	1.5410264855515772
-0.90482705246602	0.5742207084349306	1.6886558510040288
-0.7189946919377118	0.45628790633548416	1.8096541049320378
-0.5218233556109363	0.3311591713799442	1.9021130325903062
-0.316422553244013	0.20080785846684235	1.9645745014573768
-0.10603157819076095	0.06728968566891846	1.996053456856543
0.10603157819075437	-0.06728968566891429	1.9960534568565433
-0.11362912141704029	0.0534698058443895	-1.996053456856543
-0.33909536512762056	0.1595661667536856	-1.9645745014573768
-0.5592138723643859	0.2631460738930684	-1.9021130325903064
-0.7705132427757904	0.3625760102513127	-1.809654104932038
-0.9696611590663197	0.4562879063354838	-1.6886558510040293
-1.1535169396308742	0.5428038695635612	-1.5410264855515776
-1.319181068979831	0.620759491513307	-1.3690942118573766
-1.4640409248304032	0.6889253654581422	-1.1755705045849456
-1.5858119807207434	0.7462264748456374	-0.96350734820343
-1.6825738343569587	0.7917591469507284	-0.7362491053693555
-1.7528004935044763	0.824805304334418	-0.49737977432970937
-1.7953844417971672	0.8448437893539478	-0.2506664671286085
-1.8096541049320374	0.851558583130149	-2.6159013735064714e-16
-1.7953844417971672	0.8448437893539478	0.250666467128608
-1.7528004935044763	0.824805304334418	0.49737977432970887
-1.682573834356959	0.7917591469507285	0.7362491053693551
-1.5858119807207438	0.7462264748456375	0.9635073482034294
-1.4640409248304032	0.6889253654581422	1.1755705045849452
-1.3191810689798313	0.6207594915133071	1.3690942118573761
-1.1535169396308746	0.5428038695635615	1.5410264855515772
-0.9696611590663203	0.45628790633548405	1.6886558510040288
-0.7705132427757907	0.3625760102513129	1.8096541049320378
-0.5592138723643867	0.26314607389306877	1.9021130325903062
-0.339095365127621	0.1595661667536858	1.9645745014573768
-0.1136291214170407	0.053469805844389685	1.996053456856543
0.11362912141703364	-0.05346980584438637	1.9960534568565433
-0.11943466551982633	0.03880667524038105	-1.996053456856543
-0.35642044053741345	0.11580802127061594	-1.9645745014573768
-0.5877852522924748	0.1909830056250546	-1.9021130325903064
-0.8098803394929942	0.2631460738930688	-1.809654104932038
-1.0192031299406445	0.3311591713799442	-1.6886558510040293
-1.212452478186693	0.39394969090925785	-1.5410264855515776
-1.3865807265677346	0.45052738847879437	-1.3690942118573766
-1.5388417685876261	0.5000000000000037	-1.1755705045849456
-1.6668343566573762	0.5415873128356908	-0.96350734820343
-1.7685399712040595	0.5746334702193805	-0.7362491053693555
-1.8423546539302853	0.5986173145083142	-0.49737977432970937
-1.8871143031947069	0.6131606061508017	-0.2506664671286085
-1.9021130325903057	0.6180339887498992	-2.6159013735064714e-16
-1.8871143031947069	0.6131606061508017	0.250666467128608
-1.8423546539302853	0.5986173145083142	0.49737977432970887
-1.7685399712040597	0.5746334702193805	0.7362491053693551
-1.6668343566573767	0.541587312835691	0.9635073482034294
-1.5388417685876263	0.5000000000000038	1.1755705045849452
-1.3865807265677348	0.4505273884787945	1.3690942118573761
-1.2124524781866937	0.3939496909092581	1.5410264855515772
-1.0192031299406452	0.3311591713799444	1.6886558510040288
-0.8098803394929946	0.26314607389306893	1.8096541049320378
-0.5877852522924756	0.19098300562505488	1.9021130325903062
-0.3564204405374139	0.11580802127061608	1.9645745014573768
-0.11943466551982675	0.03880667524038118	1.996053456856543
0.11943466551981934	-0.03880667524037877	1.9960534568565433
-0.12335665360055384	0.023531540185847615	-1.996053456856543
-0.3681245526846806	0.07022351411174992	-1.9645745014573768
-0.6070869076660214	0.11580802127061596	-1.9021130325903064
-0.8364751394573295	0.15956616675368587	-1.809654104932038
-1.0526716586133675	0.2008078584668424	-1.6886558510040293
-1.252266916877505	0.23888269029517675	-1.5410264855515776
-1.4321131777944884	0.273190199395954	-1.3690942118573766
-1.589374158394708	0.3031893358563424	-1.1755705045849456
-1.7215697590709422	0.328406995373746	-0.96350734820343
-1.826615176230703	0.34844548039327594	-0.7362491053693555
-1.9028537808942905	0.3629887720357634	-0.49737977432970937
-1.9490832447234243	0.371807513904265	-0.2506664671286085
-1.9645745014573766	0.3747626291714535	-2.6159013735064714e-16
-1.9490832447234243	0.371807513904265	0.250666467128608
-1.9028537808942905	0.3629887720357634	0.49737977432970887
-1.8266151762307032	0.34844548039327594	0.7362491053693551
-1.7215697590709427	0.3284069953737461	0.9635073482034294
-1.5893741583947083	0.30318933585634245	1.1755705045849452
-1.4321131777944887	0.2731901993959541	1.3690942118573761
-1.2522669168775056	0.23888269029517686	1.5410264855515772
-1.0526716586133682	0.20080785846684251	1.6886558510040288
-0.83647513945733	0.15956616675368596	1.8096541049320378
-0.6070869076660222	0.11580802127061612	1.9021130325903062
-0.36812455268468103	0.07022351411175	1.9645745014573768
-0.12335665360055428	0.0235315401858477	1.996053456856543
0.12335665360054662	-0.023531540185846238	1.9960534568565433
-0.12533323356430764	0.007885298685522632	-1.996053456856543
-0.37402312072916183	0.023531540185847633	-1.9645745014573768
-0.6168144398495349	0.038806675240381075	-1.9021130325903064
-0.8498782267863951	0.05346980584438963	-1.809654104932038
-1.0695389263941897	0.06728968566891838	-1.6886558510040293
-1.2723323582211625	0.0800483669535385	-1.5410264855515776
-1.4550603487044784	0.09154463767272475	-1.3690942118573766
-1.6148411682778046	0.10159719476969634	-1.1755705045849456
-1.7491549779680347	0.11004750341392745	-0.96350734820343
-1.855883568761173	0.11676229719012891	-0.7362491053693555
-1.9333437670238423	0.12163567978922664	-0.49737977432970937
-1.9803139791569602	0.1245907950564152	-0.2506664671286085
-1.996053456856543	0.12558103905863072	-2.6159013735064714e-16
-1.9803139791569602	0.1245907950564152	0.250666467128608
-1.9333437670238423	0.12163567978922664	0.49737977432970887
-1.8558835687611732	0.11676229719012893	0.7362491053693551
-1.749154977968035	0.11004750341392748	0.9635073482034294
-1.6148411682778048	0.10159719476969635	1.1755705045849452
-1.4550603487044789	0.09154463767272478	1.3690942118573761
-1.2723323582211632	0.08004836695353854	1.5410264855515772
-1.0695389263941903	0.06728968566891842	1.6886558510040288
-0.8498782267863956	0.05346980584438966	1.8096541049320378
-0.6168144398495358	0.03880667524038113	1.9021130325903062
-0.3740231207291623	0.02353154018584766	1.9645745014573768
-0.1253332335643081	0.00788529868552266	1.996053456856543
0.1253332335643003	-0.007885298685522171	1.9960534568565433
-0.12533323356430767	-0.007885298685522044	-1.996053456856543
-0.37402312072916194	-0.02353154018584588	-1.9645745014573768
-0.616814439849535	-0.03880667524037819	-1.9021130325903064
-0.8498782267863955	-0.05346980584438565	-1.809654104932038
-1.0695389263941901	-0.06728968566891337	-1.6886558510040293
-1.272332358221163	-0.08004836695353253	-1.5410264855515776
-1.4550603487044789	-0.09154463767271794	-1.3690942118573766
-1.6148411682778052	-0.10159719476968876	-1.1755705045849456
-1.749154977968035	-0.11004750341391926	-0.96350734820343
-1.8558835687611737	-0.11676229719012023	-0.7362491053693555
-1.933343767023843	-0.12163567978921758	-0.49737977432970937
-1.9803139791569608	-0.12459079505640591	-0.2506664671286085
-1.9960534568565436	-0.12558103905862136	-2.6159013735064714e-16
-1.9803139791569608	-0.12459079505640591	0.250666467128608
-1.933343767023843	-0.12163567978921758	0.49737977432970887
-1.8558835687611739	-0.11676229719012024	0.7362491053693551
-1.7491549779680355	-0.11004750341391929	0.9635073482034294
-1.6148411682778054	-0.10159719476968877	1.1755705045849452
-1.4550603487044793	-0.09154463767271796	1.3690942118573761
-1.2723323582211636	-0.08004836695353257	1.5410264855515772
-1.0695389263941908	-0.06728968566891341	1.6886558510040288
-0.8498782267863959	-0.053469805844385675	1.8096541049320378
-0.6168144398495359	-0.038806675240378244	1.9021130325903062
-0.3740231207291624	-0.023531540185845908	1.9645745014573768
-0.12533323356430812	-0.007885298685522072	1.996053456856543
0.12533323356430034	0.007885298685521583	1.9960534568565433
-0.12335665360055395	-0.02353154018584704	-1.996053456856543
-0.3681245526846809	-0.0702235141117482	-1.9645745014573768
-0.6070869076660219	-0.11580802127061313	-1.9021130325903064
-0.8364751394573303	-0.15956616675368196	-1.809654104932038
-1.0526716586133686	-0.2008078584668375	-1.6886558510040293
-1.252266916877506	-0.2388826902951709	-1.5410264855515776
-1.4321131777944895	-0.27319019939594735	-1.3690942118573766
-1.5893741583947094	-0.30318933585633495	-1.1755705045849456
-1.7215697590709438	-0.328406995373738	-0.96350734820343
-1.8266151762307048	-0.3484454803932674	-0.7362491053693555
-1.9028537808942922	-0.3629887720357545	-0.49737977432970937
-1.949083244723426	-0.3718075139042559	-0.2506664671286085
-1.9645745014573783	-0.3747626291714443	-2.6159013735064714e-16
-1.949083244723426	-0.3718075139042559	0.250666467128608
-1.9028537808942922	-0.3629887720357545	0.49737977432970887
-1.826615176230705	-0.34844548039326745	0.7362491053693551
-1.7215697590709442	-0.3284069953737381	0.9635073482034294
-1.5893741583947096	-0.303189335856335	1.1755705045849452
-1.43211317779449	-0.2731901993959474	1.3690942118573761
-1.2522669168775067	-0.23888269029517104	1.5410264855515772
-1.052671658613369	-0.20080785846683763	1.6886558510040288
-0.8364751394573308	-0.15956616675368204	1.8096541049320378
-0.6070869076660228	-0.11580802127061329	1.9021130325903062
-0.36812455268468136	-0.07022351411174828	1.9645745014573768
-0.1233566536005544	-0.023531540185847123	1.996053456856543
0.12335665360054673	0.023531540185845662	1.9960534568565433
-0.11943466551982652	-0.03880667524038044	-1.996053456856543
-0.35642044053741406	-0.11580802127061413	-1.9645745014573768
-0.5877852522924757	-0.1909830056250516	-1.9021130325903064
-0.8098803394929955	-0.2631460738930647	-1.809654104932038
-1.0192031299406463	-0.331159171379939	-1.6886558510040293
-1.212452478186695	-0.3939496909092517	-1.5410264855515776
-1.3865807265677368	-0.4505273884787873	-1.3690942118573766
-1.5388417685876286	-0.4999999999999959	-1.1755705045849456
-1.6668343566573791	-0.5415873128356823	-0.96350734820343
-1.7685399712040624	-0.5746334702193715	-0.7362491053693555
-1.8423546539302884	-0.5986173145083049	-0.49737977432970937
-1.88711430319471	-0.613160606150792	-0.2506664671286085
-1.9021130325903088	-0.6180339887498896	-2.6159013735064714e-16
-1.88711430319471	-0.613160606150792	0.250666467128608
-1.8423546539302884	-0.5986173145083049	0.49737977432970887
-1.7685399712040626	-0.5746334702193715	0.7362491053693551
-1.6668343566573796	-0.5415873128356825	0.9635073482034294
-1.5388417685876288	-0.49999999999999595	1.1755705045849452
-1.3865807265677372	-0.4505273884787874	1.3690942118573761
-1.2124524781866957	-0.3939496909092519	1.5410264855515772
-1.019203129940647	-0.3311591713799392	1.6886558510040288
-0.809880339492996	-0.2631460738930648	1.8096541049320378
-0.5877852522924766	-0.19098300562505188	1.9021130325903062
-0.35642044053741445	-0.11580802127061426	1.9645745014573768
-0.11943466551982694	-0.038806675240380575	1.996053456856543
0.11943466551981953	0.03880667524037817	1.9960534568565433
-0.11362912141704054	-0.05346980584438897	-1.996053456856543
-0.33909536512762134	-0.159566166753684	-1.9645745014573768
-0.5592138723643871	-0.26314607389306577	-1.9021130325903064
-0.770513242775792	-0.36257601025130914	-1.809654104932038
-0.9696611590663219	-0.4562879063354793	-1.6886558510040293
-1.1535169396308766	-0.5428038695635559	-1.5410264855515776
-1.3191810689798338	-0.6207594915133008	-1.3690942118573766
-1.4640409248304063	-0.6889253654581353	-1.1755705045849456
-1.585811980720747	-0.74622647484563	-0.96350734820343
-1.6825738343569625	-0.7917591469507205	-0.7362491053693555
-1.7528004935044803	-0.8248053043344098	-0.49737977432970937
-1.795384441797171	-0.8448437893539393	-0.2506664671286085
-1.8096541049320414	-0.8515585831301405	-2.6159013735064714e-16
-1.795384441797171	-0.8448437893539393	0.250666467128608
-1.7528004935044803	-0.8248053043344098	0.49737977432970887
-1.6825738343569627	-0.7917591469507206	0.7362491053693551
-1.5858119807207474	-0.7462264748456302	0.9635073482034294
-1.4640409248304065	-0.6889253654581354	1.1755705045849452
-1.3191810689798342	-0.620759491513301	1.3690942118573761
-1.1535169396308773	-0.5428038695635561	1.5410264855515772
-0.9696611590663224	-0.45628790633547955	1.6886558510040288
-0.7705132427757925	-0.3625760102513093	1.8096541049320378
-0.5592138723643879	-0.26314607389306616	1.9021130325903062
-0.33909536512762173	-0.1595661667536842	1.9645745014573768
-0.11362912141704094	-0.05346980584438916	1.996053456856543
0.1136291214170339	0.05346980584438584	1.9960534568565433
-0.1060315781907609	-0.06728968566891773	-1.996053456856543
-0.3164225532440136	-0.20080785846684063	-1.9645745014573768
-0.5218233556109371	-0.3311591713799413	-1.9021130325903064
-0.7189946919377137	-0.45628790633548055	-1.809654104932038
-0.9048270524660221	-0.5742207084349259	-1.6886558510040293
-1.0763897498594603	-0.6830977069395283	-1.5410264855515776
-1.2309771378935461	-0.7812018465429038	-1.3690942118573766
-1.3661512811129521	-0.866985966358935	-1.1755705045849456
-1.4797804025299894	-0.9390971995731735	-0.96350734820343
-1.5700725030211644	-0.9963983089606683	-0.7362491053693555
-1.635603622223845	-1.037985621796355	-0.49737977432970937
-1.6753402952418115	-1.0632032813137584	-0.2506664671286085
-1.6886558510040328	-1.071653589957989	-2.6159013735064714e-16
-1.6753402952418115	-1.0632032813137584	0.250666467128608
-1.635603622223845	-1.037985621796355	0.49737977432970887
-1.5700725030211646	-0.9963983089606684	0.7362491053693551
-1.4797804025299897	-0.9390971995731737	0.9635073482034294
-1.3661512811129524	-0.8669859663589351	1.1755705045849452
-1.2309771378935463	-0.7812018465429041	1.3690942118573761
-1.0763897498594608	-0.6830977069395286	1.5410264855515772
-0.9048270524660227	-0.5742207084349262	1.6886558510040288
-0.718994691937714	-0.4562879063354808	1.8096541049320378
-0.5218233556109378	-0.3311591713799418	1.9021130325903062
-0.31642255324401397	-0.20080785846684085	1.9645745014573768
-0.10603157819076127	-0.06728968566891796	1.996053456856543
0.10603157819075469	0.06728968566891379	1.9960534568565433
-0.09676185363621838	-0.08004836695353781	-1.996053456856543
-0.28875956867407676	-0.2388826902951749	-1.9645745014573768
-0.4762033728173398	-0.39394969090925486	-1.9021130325903064
-0.6561371653011677	-0.542803869563558	-1.809654104932038
-0.8257232827308523	-0.6830977069395291	-1.6886558510040293
-0.9822872507286916	-0.8126186854142733	-1.5410264855515776
-1.123359961992579	-0.9293241817851619	-1.3690942118573766
-1.2467166155931295	-1.0313736806579414	-1.1755705045849456
-1.3504118034133699	-1.1171578004739726	-0.96350734820343
-1.432810190396872	-1.1853236744188071	-0.7362491053693555
-1.492612304758496	-1.2347962859400161	-0.49737977432970937
-1.5288750314307071	-1.264795422400404	-0.2506664671286085
-1.5410264855515818	-1.2748479794973753	-2.6159013735064714e-16
-1.5288750314307071	-1.264795422400404	0.250666467128608
-1.492612304758496	-1.2347962859400161	0.49737977432970887
-1.4328101903968722	-1.1853236744188074	0.7362491053693551
-1.35041180341337	-1.1171578004739728	0.9635073482034294
-1.2467166155931297	-1.0313736806579417	1.1755705045849452
-1.1233599619925791	-0.9293241817851622	1.3690942118573761
-0.982287250728692	-0.8126186854142737	1.5410264855515772
-0.8257232827308527	-0.6830977069395295	1.6886558510040288
-0.6561371653011681	-0.5428038695635583	1.8096541049320378
-0.4762033728173405	-0.39394969090925547	1.9021130325903062
-0.2887595686740771	-0.2388826902951752	1.9645745014573768
-0.09676185363621873	-0.08004836695353809	1.996053456856543
0.09676185363621272	0.08004836695353312	1.9960534568565433
-0.08596613684710312	-0.09154463767272408	-1.996053456856543
-0.25654267320954455	-0.27319019939595224	-1.9645745014573768
-0.42307337836430686	-0.4505273884787914	-1.9021130325903064
-0.5829319636104785	-0.620759491513304	-1.809654104932038
-0.7335973635638369	-0.7812018465429057	-1.6886558510040293
-0.8726934948639703	-0.929324181785163	-1.5410264855515776
-0.9980267284282748	-1.0627905195293113	-1.3690942118573766
-1.1076204842929962	-1.1794960159002	-1.1755705045849456
-1.1997464034600118	-1.2776001555035756	-0.96350734820343
-1.272951605150701	-1.355555777453321	-0.7362491053693555
-1.326081599603734	-1.412133475022857	-0.49737977432970937
-1.358298495068266	-1.4464409841236336	-0.2506664671286085
-1.369094211857381	-1.4579372548428196	-2.6159013735064714e-16
-1.358298495068266	-1.4464409841236336	0.250666467128608
-1.326081599603734	-1.412133475022857	0.49737977432970887
-1.272951605150701	-1.3555557774533211	0.7362491053693551
-1.199746403460012	-1.2776001555035759	0.9635073482034294
-1.1076204842929964	-1.1794960159002001	1.1755705045849452
-0.998026728428275	-1.0627905195293117	1.3690942118573761
-0.8726934948639707	-0.9293241817851634	1.5410264855515772
-0.7335973635638373	-0.7812018465429061	1.6886558510040288
-0.5829319636104788	-0.6207594915133043	1.8096541049320378
-0.4230733783643075	-0.4505273884787921	1.9021130325903062
-0.2565426732095449	-0.2731901993959525	1.9645745014573768
-0.08596613684710343	-0.0915446376727244	1.996053456856543
0.08596613684709808	0.09154463767271871	1.9960534568565433
-0.07381468272622814	-0.10159719476969564	-1.996053456856543
-0.2202799465373334	-0.30318933585634056	-1.9645745014573768
-0.36327126400268317	-0.5000000000000008	-1.9021130325903064
-0.5005335766269766	-0.6889253654581392	-1.809654104932038
-0.629902175743597	-0.8669859663589374	-1.6886558510040293
-0.7493368412634204	-1.0313736806579432	-1.5410264855515776
-0.8569540171643882	-1.1794960159002006	-1.3690942118573766
-0.9510565162951576	-1.3090169943749452	-1.1755705045849456
-1.030160286030328	-1.4178939928795478	-0.96350734820343
-1.0930178126668744	-1.5044099561076247	-0.7362491053693555
-1.1386377954604718	-1.567200475636938	-0.49737977432970937
-1.1663007800304086	-1.605275307465272	-0.2506664671286085
-1.175570504584951	-1.6180339887498916	-2.6159013735064714e-16
-1.1663007800304086	-1.605275307465272	0.250666467128608
-1.1386377954604718	-1.567200475636938	0.49737977432970887
-1.0930178126668744	-1.504409956107625	0.7362491053693551
-1.0301602860303283	-1.4178939928795482	0.9635073482034294
-0.9510565162951578	-1.3090169943749455	1.1755705045849452
-0.8569540171643886	-1.179496015900201	1.3690942118573761
-0.7493368412634207	-1.0313736806579437	1.5410264855515772
-0.6299021757435973	-0.866985966358938	1.6886558510040288
-0.5005335766269768	-0.6889253654581395	1.8096541049320378
-0.36327126400268367	-0.5000000000000014	1.9021130325903062
-0.22027994653733365	-0.3031893358563409	1.9645745014573768
-0.0738146827262284	-0.101597194769696	1.996053456856543
0.07381468272622382	0.10159719476968969	1.9960534568565433
-0.06049912696400638	-0.1100475034139268	-1.996053456856543
-0.18054327351936658	-0.3284069953737443	-1.9645745014573768
-0.2977401448000025	-0.5415873128356881	-1.9021130325903064
-0.41024147613580136	-0.7462264748456348	-1.809654104932038
-0.5162730543265595	-0.9390971995731768	-1.6886558510040293
-0.6141626980440141	-1.1171578004739753	-1.5410264855515776
-0.7023666291303026	-1.2776001555035774	-1.3690942118573766
-0.7794938189017193	-1.4178939928795489	-1.1755705045849456
-0.8443279255020193	-1.5358267949789948	-0.96350734820343
-0.8958464763400978	-1.6295386910631653	-0.7362491053693555
-0.933236993093548	-1.6975517885500404	-0.49737977432970937
-0.9559098049771557	-1.7387934802631966	-0.2506664671286085
-0.9635073482034352	-1.7526133600877247	-2.6159013735064714e-16
-0.9559098049771557	-1.7387934802631966	0.250666467128608
-0.933236993093548	-1.6975517885500404	0.49737977432970887
-0.895846476340098	-1.6295386910631655	0.7362491053693551
-0.8443279255020195	-1.535826794978995	0.9635073482034294
-0.7794938189017194	-1.417893992879549	1.1755705045849452
-0.7023666291303028	-1.2776001555035779	1.3690942118573761
-0.6141626980440145	-1.117157800473976	1.5410264855515772
-0.5162730543265598	-0.9390971995731775	1.6886558510040288
-0.4102414761358016	-0.7462264748456352	1.8096541049320378
-0.29774014480000294	-0.5415873128356888	1.9021130325903062
-0.18054327351936678	-0.3284069953737447	1.9645745014573768
-0.0604991269640066	-0.11004750341392719	1.996053456856543
0.06049912696400284	0.11004750341392036	1.9960534568565433
-0.046229463829135585	-0.11676229719012828	-1.996053456856543
-0.1379593252266755	-0.3484454803932743	-1.9645745014573768
-0.22751348565248455	-0.5746334702193777	-1.9021130325903064
-0.3134796224995856	-0.791759146950726	-1.809654104932038
-0.3945019984362185	-0.9963983089606724	-1.6886558510040293
-0.4693028421934416	-1.1853236744188107	-1.5410264855515776
-0.5367024997813452	-1.3555557774533233	-1.3690942118573766
-0.5956380383371642	-1.5044099561076267	-1.1755705045849456
-0.6451800092114891	-1.6295386910631662	-0.96350734820343
-0.684547105928693	-1.7289686274214098	-0.7362491053693555
-0.7131184858567818	-1.8011316956894237	-0.49737977432970937
-0.7304435612665746	-1.844889841172493	-0.2506664671286085
-0.7362491053693605	-1.859552971776501	-2.6159013735064714e-16
-0.7304435612665746	-1.844889841172493	0.250666467128608
-0.7131184858567818	-1.8011316956894237	0.49737977432970887
-0.6845471059286931	-1.72896862742141	0.7362491053693551
-0.6451800092114892	-1.6295386910631664	0.9635073482034294
-0.5956380383371642	-1.504409956107627	1.1755705045849452
-0.5367024997813453	-1.3555557774533238	1.3690942118573761
-0.4693028421934418	-1.1853236744188114	1.5410264855515772
-0.39450199843621875	-0.9963983089606729	1.6886558510040288
-0.3134796224995857	-0.7917591469507264	1.8096541049320378
-0.22751348565248486	-0.5746334702193786	1.9021130325903062
-0.13795932522667567	-0.34844548039327466	1.9645745014573768
-0.04622946382913575	-0.11676229719012869	1.996053456856543
0.04622946382913288	0.11676229719012143	1.9960534568565433
-0.031230734433536238	-0.12163567978922601	-1.996053456856543
-0.09319967596225358	-0.3629887720357618	-1.9645745014573768
-0.1536988029262584	-0.5986173145083117	-1.9021130325903064
-0.21177400795290185	-0.8248053043344158	-1.809654104932038
-0.26650941036646764	-1.0379856217963597	-1.6886558510040293
-0.3170418001735495	-1.2347962859400203	-1.5410264855515776
-0.36257425140030325	-1.41213347502286	-1.3690942118573766
-0.402388690091115	-1.5672004756369406	-1.1755705045849456
-0.4358572187638378	-1.6975517885500417	-0.96350734820343
-0.46245201872817304	-1.8011316956894243	-0.7362491053693555
-0.4817536741017196	-1.8763066800438626	-0.49737977432970937
-0.4934577862489866	-1.9218911872027282	-0.2506664671286085
-0.49737977432971403	-1.937166322257261	-2.6159013735064714e-16
-0.4934577862489866	-1.9218911872027282	0.250666467128608
-0.4817536741017196	-1.8763066800438626	0.49737977432970887
-0.4624520187281731	-1.8011316956894246	0.7362491053693551
-0.43585721876383793	-1.6975517885500422	0.9635073482034294
-0.40238869009111505	-1.5672004756369409	1.1755705045849452
-0.36257425140030336	-1.4121334750228605	1.3690942118573761
-0.31704180017354966	-1.2347962859400208	1.5410264855515772
-0.2665094103664678	-1.0379856217963603	1.6886558510040288
-0.21177400795290197	-0.8248053043344162	1.8096541049320378
-0.15369880292625862	-0.5986173145083126	1.9021130325903062
-0.09319967596225369	-0.36298877203576224	1.9645745014573768
-0.031230734433536345	-0.12163567978922644	1.996053456856543
0.031230734433534406	0.1216356797892189	1.9960534568565433
-0.015739477699583688	-0.12459079505641459	-1.996053456856543
-0.04697021213311947	-0.3718075139042635	-1.9645745014573768
-0.07746019826267128	-0.6131606061507991	-1.9021130325903064
-0.10672859079314131	-0.8448437893539457	-1.809654104932038
-0.1343138096902337	-1.0632032813137633	-1.6886558510040293
-0.15978081957333037	-1.2647954224004085	-1.5410264855515776
-0.18272799048332058	-1.4464409841236372	-1.3690942118573766
-0.20279343182697834	-1.605275307465275	-1.1755705045849456
-0.21966069960780046	-1.7387934802631984	-0.96350734820343
-0.2330637869368661	-1.844889841172494	-0.7362491053693555
-0.24279131912037957	-1.9218911872027287	-0.49737977432970937
-0.24868988716486076	-1.9685831611286304	-0.2506664671286085
-0.2506664671286145	-1.9842294026289549	-2.6159013735064714e-16
-0.24868988716486076	-1.9685831611286304	0.250666467128608
-0.24279131912037957	-1.9218911872027287	0.49737977432970887
-0.23306378693686614	-1.8448898411724943	0.7362491053693551
-0.21966069960780052	-1.7387934802631988	0.9635073482034294
-0.20279343182697837	-1.6052753074652752	1.1755705045849452
-0.18272799048332064	-1.4464409841236376	1.3690942118573761
-0.15978081957333046	-1.2647954224004092	1.5410264855515772
-0.1343138096902338	-1.063203281313764	1.6886558510040288
-0.10672859079314137	-0.8448437893539461	1.8096541049320378
-0.07746019826267139	-0.6131606061508	1.9021130325903062
-0.04697021213311953	-0.3718075139042639	1.9645745014573768
-0.015739477699583743	-0.12459079505641503	1.996053456856543
0.015739477699582765	0.12459079505640729	1.9960534568565433
-3.5768396907369404e-16	-0.12558103905863016	-1.996053456856543
-1.067411017358723e-15	-0.3747626291714521	-1.9645745014573768
-1.7603043562595705e-15	-0.618033988749897	-1.9021130325903064
-2.4254366439073547e-15	-0.8515585831301473	-1.809654104932038
-3.0523183467950973e-15	-1.0716535899579946	-1.6886558510040293
-3.6310631659872836e-15	-1.2748479794973804	-1.5410264855515776
-4.152543949959856e-15	-1.4579372548428238	-1.3690942118573766
-4.6085366352320446e-15	-1.6180339887498953	-1.1755705045849456
-4.991849944760282e-15	-1.7526133600877274	-0.96350734820343
-5.296438798673034e-15	-1.859552971776503	-0.7362491053693555
-5.517499648791538e-15	-1.9371663222572624	-0.49737977432970937
-5.651546233454071e-15	-1.9842294026289558	-0.2506664671286085
-5.696464557944958e-15	-2.0	-2.6159013735064714e-16
-5.651546233454071e-15	-1.9842294026289558	0.250666467128608
-5.517499648791538e-15	-1.9371663222572624	0.49737977432970887
-5.296438798673035e-15	-1.8595529717765031	0.7362491053693551
-4.9918499447602826e-15	-1.7526133600877278	0.9635073482034294
-4.608536635232045e-15	-1.6180339887498956	1.1755705045849452
-4.152543949959857e-15	-1.4579372548428242	1.3690942118573761
-3.631063165987286e-15	-1.274847979497381	1.5410264855515772
-3.0523183467950993e-15	-1.0716535899579953	1.6886558510040288
-2.425436643907356e-15	-0.8515585831301478	1.8096541049320378
-1.760304356259573e-15	-0.6180339887498979	1.9021130325903062
-1.0674110173587242e-15	-0.37476262917145253	1.9645745014573768
-3.576839690736953e-16	-0.1255810390586306	1.996053456856543
3.5768396907367313e-16	0.1255810390586228	1.9960534568565433
0.015739477699582977	-0.12459079505641468	-1.996053456856543
0.04697021213311735	-0.37180751390426375	-1.9645745014573768
0.07746019826266778	-0.6131606061507997	-1.9021130325903064
0.10672859079313649	-0.8448437893539463	-1.809654104932038
0.13431380969022763	-1.0632032813137642	-1.6886558510040293
0.15978081957332316	-1.2647954224004097	-1.5410264855515776
0.1827279904833123	-1.4464409841236383	-1.3690942118573766
0.20279343182696918	-1.6052753074652761	-1.1755705045849456
0.21966069960779055	-1.7387934802631997	-0.96350734820343
0.23306378693685556	-1.8448898411724954	-0.7362491053693555
0.24279131912036858	-1.92189118720273	-0.49737977432970937
0.24868988716484955	-1.968583161128632	-0.2506664671286085
0.2506664671286032	-1.9842294026289564	-2.6159013735064714e-16
0.24868988716484955	-1.968583161128632	0.250666467128608
0.24279131912036858	-1.92189118720273	0.49737977432970887
0.2330637869368556	-1.8448898411724957	0.7362491053693551
0.2196606996077906	-1.7387934802632001	0.9635073482034294
0.2027934318269692	-1.6052753074652764	1.1755705045849452
0.18272799048331237	-1.4464409841236388	1.3690942118573761
0.15978081957332324	-1.2647954224004103	1.5410264855515772
0.13431380969022771	-1.0632032813137648	1.6886558510040288
0.10672859079313654	-0.8448437893539468	1.8096541049320378
0.0774601982626679	-0.6131606061508006	1.9021130325903062
0.0469702121331174	-0.3718075139042642	1.9645745014573768
0.015739477699583032	-0.12459079505641513	1.996053456856543
-0.015739477699582054	0.12459079505640738	1.9960534568565433
0.03123073443353565	-0.12163567978922618	-1.996053456856543
0.09319967596225183	-0.36298877203576224	-1.9645745014573768
0.1536988029262555	-0.5986173145083125	-1.9021130325903064
0.21177400795289789	-0.8248053043344168	-1.809654104932038
0.26650941036646264	-1.037985621796361	-1.6886558510040293
0.31704180017354355	-1.2347962859400219	-1.5410264855515776
0.3625742514002964	-1.4121334750228618	-1.3690942118573766
0.40238869009110745	-1.5672004756369426	-1.1755705045849456
0.43585721876382966	-1.697551788550044	-0.96350734820343
0.4624520187281644	-1.8011316956894265	-0.7362491053693555
0.4817536741017106	-1.876306680043865	-0.49737977432970937
0.4934577862489774	-1.9218911872027307	-0.2506664671286085
0.4973797743297047	-1.9371663222572635	-2.6159013735064714e-16
0.4934577862489774	-1.9218911872027307	0.250666467128608
0.4817536741017106	-1.876306680043865	0.49737977432970887
0.46245201872816444	-1.8011316956894268	0.7362491053693551
0.43585721876382977	-1.6975517885500444	0.9635073482034294
0.4023886900911075	-1.5672004756369429	1.1755705045849452
0.36257425140029653	-1.4121334750228622	1.3690942118573761
0.3170418001735437	-1.2347962859400223	1.5410264855515772
0.2665094103664628	-1.0379856217963617	1.6886558510040288
0.211774007952898	-0.8248053043344172	1.8096541049320378
0.15369880292625573	-0.5986173145083133	1.9021130325903062
0.09319967596225194	-0.3629887720357627	1.9645745014573768
0.031230734433535762	-0.12163567978922661	1.996053456856543
-0.031230734433533823	0.12163567978921905	1.9960534568565433
0.046229463829134926	-0.11676229719012854	-1.996053456856543
0.13795932522667353	-0.34844548039327505	-1.9645745014573768
0.22751348565248128	-0.574633470219379	-1.9021130325903064
0.3134796224995811	-0.7917591469507278	-1.809654104932038
0.39450199843621286	-0.9963983089606746	-1.6886558510040293
0.4693028421934348	-1.1853236744188134	-1.5410264855515776
0.5367024997813374	-1.3555557774533264	-1.3690942118573766
0.5956380383371557	-1.50440995610763	-1.1755705045849456
0.6451800092114799	-1.6295386910631697	-0.96350734820343
0.6845471059286832	-1.7289686274214138	-0.7362491053693555
0.7131184858567716	-1.8011316956894277	-0.49737977432970937
0.7304435612665642	-1.844889841172497	-0.2506664671286085
0.73624910536935	-1.8595529717765051	-2.6159013735064714e-16
0.7304435612665642	-1.844889841172497	0.250666467128608
0.7131184858567716	-1.8011316956894277	0.49737977432970887
0.6845471059286833	-1.728968627421414	0.7362491053693551
0.64518000921148	-1.6295386910631702	0.9635073482034294
0.5956380383371558	-1.5044099561076303	1.1755705045849452
0.5367024997813377	-1.355555777453327	1.3690942118573761
0.4693028421934351	-1.185323674418814	1.5410264855515772
0.39450199843621314	-0.9963983089606753	1.6886558510040288
0.3134796224995813	-0.7917591469507281	1.8096541049320378
0.2275134856524816	-0.5746334702193799	1.9021130325903062
0.1379593252266737	-0.34844548039327544	1.9645745014573768
0.046229463829135085	-0.11676229719012896	1.996053456856543
-0.04622946382913222	0.1167622971901217	1.9960534568565433
0.06049912696400576	-0.11004750341392713	-1.996053456856543
0.1805432735193647	-0.3284069953737453	-1.9645745014573768
0.2977401447999994	-0.5415873128356897	-1.9021130325903064
0.41024147613579715	-0.7462264748456371	-1.809654104932038
0.5162730543265541	-0.9390971995731797	-1.6886558510040293
0.6141626980440078	-1.1171578004739786	-1.5410264855515776
0.7023666291302952	-1.2776001555035812	-1.3690942118573766
0.7794938189017112	-1.4178939928795533	-1.1755705045849456
0.8443279255020105	-1.5358267949789994	-0.96350734820343
0.8958464763400885	-1.6295386910631704	-0.7362491053693555
0.9332369930935384	-1.6975517885500455	-0.49737977432970937
0.9559098049771458	-1.7387934802632017	-0.2506664671286085
0.9635073482034252	-1.75261336008773	-2.6159013735064714e-16
0.9559098049771458	-1.7387934802632017	0.250666467128608
0.9332369930935384	-1.6975517885500455	0.49737977432970887
0.8958464763400886	-1.6295386910631706	0.7362491053693551
0.8443279255020107	-1.5358267949789997	0.9635073482034294
0.7794938189017113	-1.4178939928795535	1.1755705045849452
0.7023666291302955	-1.2776001555035816	1.3690942118573761
0.6141626980440081	-1.1171578004739793	1.5410264855515772
0.5162730543265545	-0.9390971995731803	1.6886558510040288
0.41024147613579737	-0.7462264748456374	1.8096541049320378
0.29774014479999983	-0.5415873128356905	1.9021130325903062
0.18054327351936492	-0.3284069953737457	1.9645745014573768
0.06049912696400597	-0.11004750341392752	1.996053456856543
-0.06049912696400221	0.1100475034139207	1.9960534568565433
0.07381468272622756	-0.10159719476969606	-1.996053456856543
0.22027994653733166	-0.3031893358563418	-1.9645745014573768
0.3632712640026803	-0.5000000000000028	-1.9021130325903064
0.5005335766269726	-0.688925365458142	-1.809654104932038
0.629902175743592	-0.866985966358941	-1.6886558510040293
0.7493368412634144	-1.0313736806579474	-1.5410264855515776
0.8569540171643815	-1.1794960159002055	-1.3690942118573766
0.9510565162951501	-1.3090169943749506	-1.1755705045849456
1.0301602860303198	-1.4178939928795535	-0.96350734820343
1.0930178126668657	-1.504409956107631	-0.7362491053693555
1.1386377954604627	-1.5672004756369444	-0.49737977432970937
1.1663007800303995	-1.6052753074652786	-0.2506664671286085
1.1755705045849416	-1.6180339887498982	-2.6159013735064714e-16
1.1663007800303995	-1.6052753074652786	0.250666467128608
1.1386377954604627	-1.5672004756369444	0.49737977432970887
1.0930178126668657	-1.5044099561076312	0.7362491053693551
1.03016028603032	-1.417893992879554	0.9635073482034294
0.9510565162951502	-1.3090169943749508	1.1755705045849452
0.8569540171643817	-1.179496015900206	1.3690942118573761
0.7493368412634148	-1.0313736806579479	1.5410264855515772
0.6299021757435923	-0.8669859663589415	1.6886558510040288
0.5005335766269728	-0.6889253654581424	1.8096541049320378
0.3632712640026808	-0.5000000000000036	1.9021130325903062
0.2202799465373319	-0.30318933585634217	1.9645745014573768
0.07381468272622782	-0.10159719476969642	1.996053456856543
-0.07381468272622324	0.10159719476969012	1.9960534568565433
0.08596613684710265	-0.09154463767272453	-1.996053456856543
0.25654267320954316	-0.27319019939595357	-1.9645745014573768
0.42307337836430453	-0.45052738847879364	-1.9021130325903064
0.5829319636104754	-0.620759491513307	-1.809654104932038
0.7335973635638328	-0.7812018465429095	-1.6886558510040293
0.8726934948639655	-0.9293241817851674	-1.5410264855515776
0.9980267284282692	-1.0627905195293166	-1.3690942118573766
1.1076204842929902	-1.1794960159002057	-1.1755705045849456
1.1997464034600052	-1.2776001555035819	-0.96350734820343
1.272951605150694	-1.3555557774533276	-0.7362491053693555
1.3260815996037267	-1.4121334750228638	-0.49737977432970937
1.3582984950682586	-1.4464409841236407	-0.2506664671286085
1.3690942118573735	-1.4579372548428267	-2.6159013735064714e-16
1.3582984950682586	-1.4464409841236407	0.250666467128608
1.3260815996037267	-1.4121334750228638	0.49737977432970887
1.2729516051506942	-1.3555557774533276	0.7362491053693551
1.1997464034600054	-1.277600155503582	0.9635073482034294
1.1076204842929902	-1.179496015900206	1.1755705045849452
0.9980267284282696	-1.0627905195293168	1.3690942118573761
0.872693494863966	-0.929324181785168	1.5410264855515772
0.7335973635638332	-0.7812018465429099	1.6886558510040288
0.5829319636104756	-0.6207594915133073	1.8096541049320378
0.42307337836430514	-0.45052738847879426	1.9021130325903062
0.25654267320954344	-0.27319019939595385	1.9645745014573768
0.08596613684710296	-0.09154463767272485	1.996053456856543
-0.08596613684709761	0.09154463767271917	1.9960534568565433
0.09676185363621796	-0.08004836695353831	-1.996053456856543
0.28875956867407554	-0.2388826902951764	-1.9645745014573768
0.47620337281733777	-0.39394969090925736	-1.9021130325903064
0.656137165301165	-0.5428038695635614	-1.809654104932038
0.8257232827308486	-0.6830977069395333	-1.6886558510040293
0.9822872507286873	-0.8126186854142784	-1.5410264855515776
1.123359961992574	-0.9293241817851677	-1.3690942118573766
1.246716615593124	-1.0313736806579479	-1.1755705045849456
1.3504118034133639	-1.1171578004739795	-0.96350734820343
1.432810190396866	-1.1853236744188147	-0.7362491053693555
1.4926123047584896	-1.2347962859400239	-0.49737977432970937
1.5288750314307005	-1.264795422400412	-0.2506664671286085
1.5410264855515752	-1.2748479794973833	-2.6159013735064714e-16
1.5288750314307005	-1.264795422400412	0.250666467128608
1.4926123047584896	-1.2347962859400239	0.49737977432970887
1.432810190396866	-1.1853236744188147	0.7362491053693551
1.3504118034133643	-1.1171578004739797	0.9635073482034294
1.2467166155931242	-1.031373680657948	1.1755705045849452
1.1233599619925743	-0.929324181785168	1.3690942118573761
0.9822872507286878	-0.8126186854142788	1.5410264855515772
0.8257232827308492	-0.6830977069395338	1.6886558510040288
0.6561371653011653	-0.5428038695635616	1.8096541049320378
0.47620337281733843	-0.3939496909092579	1.9021130325903062
0.2887595686740759	-0.23888269029517667	1.9645745014573768
0.09676185363621831	-0.0800483669535386	1.996053456856543
-0.0967618536362123	0.08004836695353362	1.9960534568565433
0.1060315781907605	-0.06728968566891833	-1.996053456856543
0.3164225532440124	-0.2008078584668424	-1.9645745014573768
0.5218233556109352	-0.3311591713799442	-1.9021130325903064
0.718994691937711	-0.4562879063354846	-1.809654104932038
0.9048270524660188	-0.574220708434931	-1.6886558510040293
1.0763897498594563	-0.6830977069395344	-1.5410264855515776
1.2309771378935415	-0.7812018465429108	-1.3690942118573766
1.366151281112947	-0.8669859663589427	-1.1755705045849456
1.4797804025299839	-0.9390971995731818	-0.96350734820343
1.5700725030211586	-0.9963983089606772	-0.7362491053693555
1.6356036222238388	-1.0379856217963643	-0.49737977432970937
1.6753402952418053	-1.0632032813137677	-0.2506664671286085
1.6886558510040266	-1.0716535899579986	-2.6159013735064714e-16
1.6753402952418053	-1.0632032813137677	0.250666467128608
1.6356036222238388	-1.0379856217963643	0.49737977432970887
1.5700725030211589	-0.9963983089606773	0.7362491053693551
1.4797804025299843	-0.939097199573182	0.9635073482034294
1.3661512811129473	-0.8669859663589428	1.1755705045849452
1.230977137893542	-0.781201846542911	1.3690942118573761
1.076389749859457	-0.6830977069395348	1.5410264855515772
0.9048270524660194	-0.5742207084349313	1.6886558510040288
0.7189946919377114	-0.4562879063354848	1.8096541049320378
0.521823355610936	-0.3311591713799447	1.9021130325903062
0.3164225532440128	-0.20080785846684265	1.9645745014573768
0.10603157819076088	-0.06728968566891856	1.996053456856543
-0.1060315781907543	0.06728968566891438	1.9960534568565433
0.11362912141704024	-0.053469805844389616	-1.996053456856543
0.3390953651276204	-0.15956616675368596	-1.9645745014573768
0.5592138723643856	-0.26314607389306893	-1.9021130325903064
0.7705132427757899	-0.36257601025131353	-1.809654104932038
0.9696611590663192	-0.45628790633548477	-1.6886558510040293
1.1535169396308735	-0.5428038695635624	-1.5410264855515776
1.3191810689798302	-0.6207594915133083	-1.3690942118573766
1.4640409248304023	-0.6889253654581436	-1.1755705045849456
1.5858119807207427	-0.746226474845639	-0.96350734820343
1.6825738343569578	-0.7917591469507301	-0.7362491053693555
1.7528004935044756	-0.8248053043344198	-0.49737977432970937
1.7953844417971663	-0.8448437893539497	-0.2506664671286085
1.8096541049320365	-0.8515585831301509	-2.6159013735064714e-16
1.7953844417971663	-0.8448437893539497	0.250666467128608
1.7528004935044756	-0.8248053043344198	0.49737977432970887
1.682573834356958	-0.7917591469507302	0.7362491053693551
1.5858119807207431	-0.7462264748456392	0.9635073482034294
1.4640409248304025	-0.6889253654581438	1.1755705045849452
1.3191810689798307	-0.6207594915133086	1.3690942118573761
1.1535169396308742	-0.5428038695635627	1.5410264855515772
0.9696611590663198	-0.4562879063354851	1.6886558510040288
0.7705132427757904	-0.3625760102513137	1.8096541049320378
0.5592138723643864	-0.2631460738930693	1.9021130325903062
0.33909536512762084	-0.15956616675368612	1.9645745014573768
0.11362912141704064	-0.05346980584438981	1.996053456856543
-0.11362912141703359	0.05346980584438649	1.9960534568565433
0.1194346655198263	-0.03880667524038112	-1.996053456856543
0.3564204405374134	-0.11580802127061615	-1.9645745014573768
0.5877852522924746	-0.19098300562505494	-1.9021130325903064
0.8098803394929941	-0.26314607389306927	-1.809654104932038
1.0192031299406443	-0.3311591713799448	-1.6886558510040293
1.2124524781866928	-0.3939496909092586	-1.5410264855515776
1.3865807265677341	-0.45052738847879514	-1.3690942118573766
1.5388417685876257	-0.5000000000000046	-1.1755705045849456
1.666834356657376	-0.5415873128356917	-0.96350734820343
1.7685399712040593	-0.5746334702193815	-0.7362491053693555
1.842354653930285	-0.5986173145083153	-0.49737977432970937
1.8871143031947064	-0.6131606061508028	-0.2506664671286085
1.9021130325903053	-0.6180339887499003	-2.6159013735064714e-16
1.8871143031947064	-0.6131606061508028	0.250666467128608
1.842354653930285	-0.5986173145083153	0.49737977432970887
1.7685399712040595	-0.5746334702193815	0.7362491053693551
1.6668343566573764	-0.541587312835692	0.9635073482034294
1.538841768587626	-0.5000000000000047	1.1755705045849452
1.3865807265677346	-0.4505273884787953	1.3690942118573761
1.2124524781866934	-0.3939496909092588	1.5410264855515772
1.019203129940645	-0.331159171379945	1.6886558510040288
0.8098803394929944	-0.26314607389306943	1.8096541049320378
0.5877852522924755	-0.1909830056250552	1.9021130325903062
0.3564204405374138	-0.11580802127061629	1.9645745014573768
0.11943466551982672	-0.03880667524038125	1.996053456856543
-0.11943466551981931	0.03880667524037884	1.9960534568565433
0.12335665360055383	-0.023531540185847685	-1.996053456856543
0.36812455268468053	-0.07022351411175012	-1.9645745014573768
0.6070869076660214	-0.11580802127061629	-1.9021130325903064
0.8364751394573294	-0.15956616675368634	-1.809654104932038
1.0526716586133675	-0.200807858466843	-1.6886558510040293
1.2522669168775047	-0.23888269029517745	-1.5410264855515776
1.4321131777944882	-0.27319019939595485	-1.3690942118573766
1.5893741583947079	-0.3031893358563433	-1.1755705045849456
1.721569759070942	-0.328406995373747	-0.96350734820343
1.826615176230703	-0.34844548039327694	-0.7362491053693555
1.9028537808942902	-0.36298877203576446	-0.49737977432970937
1.949083244723424	-0.3718075139042661	-0.2506664671286085
1.9645745014573763	-0.3747626291714546	-2.6159013735064714e-16
1.949083244723424	-0.3718075139042661	0.250666467128608
1.9028537808942902	-0.36298877203576446	0.49737977432970887
1.826615176230703	-0.348445480393277	0.7362491053693551
1.7215697590709425	-0.32840699537374707	0.9635073482034294
1.589374158394708	-0.30318933585634333	1.1755705045849452
1.4321131777944887	-0.2731901993959549	1.3690942118573761
1.2522669168775054	-0.23888269029517759	1.5410264855515772
1.0526716586133682	-0.20080785846684313	1.6886558510040288
0.8364751394573299	-0.15956616675368643	1.8096541049320378
0.6070869076660222	-0.11580802127061646	1.9021130325903062
0.368124552684681	-0.07022351411175021	1.9645745014573768
0.12335665360055427	-0.023531540185847768	1.996053456856543
-0.12335665360054661	0.023531540185846307	1.9960534568565433
0.12533323356430764	-0.007885298685522703	-1.996053456856543
0.37402312072916183	-0.023531540185847844	-1.9645745014573768
0.6168144398495349	-0.03880667524038143	-1.9021130325903064
0.8498782267863951	-0.053469805844390116	-1.809654104932038
1.0695389263941897	-0.06728968566891899	-1.6886558510040293
1.2723323582211625	-0.08004836695353922	-1.5410264855515776
1.4550603487044784	-0.09154463767272558	-1.3690942118573766
1.6148411682778046	-0.10159719476969725	-1.1755705045849456
1.7491549779680347	-0.11004750341392845	-0.96350734820343
1.855883568761173	-0.11676229719012998	-0.7362491053693555
1.9333437670238423	-0.12163567978922775	-0.49737977432970937
1.9803139791569602	-0.12459079505641632	-0.2506664671286085
1.996053456856543	-0.12558103905863185	-2.6159013735064714e-16
1.9803139791569602	-0.12459079505641632	0.250666467128608
1.9333437670238423	-0.12163567978922775	0.49737977432970887
1.8558835687611732	-0.11676229719013	0.7362491053693551
1.749154977968035	-0.11004750341392848	0.9635073482034294
1.6148411682778048	-0.10159719476969727	1.1755705045849452
1.4550603487044789	-0.09154463767272561	1.3690942118573761
1.2723323582211632	-0.08004836695353926	1.5410264855515772
1.0695389263941903	-0.06728968566891903	1.6886558510040288
0.8498782267863956	-0.05346980584439014	1.8096541049320378
0.6168144398495358	-0.038806675240381484	1.9021130325903062
0.3740231207291623	-0.023531540185847872	1.9645745014573768
0.1253332335643081	-0.007885298685522731	1.996053456856543
-0.1253332335643003	0.007885298685522242	1.9960534568565433
0.12533323356430767	0.007885298685521973	-1.996053456856543
0.37402312072916194	0.023531540185845665	-1.9645745014573768
0.616814439849535	0.038806675240377835	-1.9021130325903064
0.8498782267863955	0.05346980584438516	-1.809654104932038
1.0695389263941901	0.06728968566891276	-1.6886558510040293
1.272332358221163	0.0800483669535318	-1.5410264855515776
1.4550603487044789	0.0915446376727171	-1.3690942118573766
1.6148411682778052	0.10159719476968784	-1.1755705045849456
1.749154977968035	0.11004750341391827	-0.96350734820343
1.8558835687611737	0.11676229719011916	-0.7362491053693555
1.933343767023843	0.12163567978921648	-0.49737977432970937
1.9803139791569608	0.12459079505640479	-0.2506664671286085
1.9960534568565436	0.12558103905862023	-2.6159013735064714e-16
1.9803139791569608	0.12459079505640479	0.250666467128608
1.933343767023843	0.12163567978921648	0.49737977432970887
1.8558835687611739	0.11676229719011917	0.7362491053693551
1.7491549779680355	0.1100475034139183	0.9635073482034294
1.6148411682778054	0.10159719476968786	1.1755705045849452
1.4550603487044793	0.09154463767271713	1.3690942118573761
1.2723323582211636	0.08004836695353185	1.5410264855515772
1.0695389263941908	0.0672896856689128	1.6886558510040288
0.8498782267863959	0.05346980584438519	1.8096541049320378
0.6168144398495359	0.03880667524037789	1.9021130325903062
0.3740231207291624	0.023531540185845693	1.9645745014573768
0.12533323356430812	0.007885298685522001	1.996053456856543
-0.12533323356430034	-0.007885298685521512	1.9960534568565433
