0.06266661678215382	0.003942649342761187	-0.9980267284282714
0.18701156036458091	0.011765770092923431	-0.9822872507286884
0.30840721992476744	0.019403337620189903	-0.9510565162951532
0.4249391133931976	0.02673490292219394	-0.904827052466019
0.534769463197095	0.03364484283445809	-0.8443279255020146
0.6361661791105814	0.040024183476767936	-0.7705132427757888
0.7275301743522393	0.045772318836360876	-0.6845471059286883
0.8074205841389024	0.0507985973848465	-0.5877852522924728
0.8745774889840174	0.05502375170696193	-0.481753674101715
0.9279417843805866	0.05838114859506255	-0.36812455268467775
0.9666718835119212	0.060817839894611335	-0.24868988716485468
0.9901569895784802	0.06229539752820556	-0.12533323356430426
0.9980267284282716	0.0627905195293133	-1.3079506867532357e-16
0.9901569895784802	0.06229539752820556	0.125333233564304
0.9666718835119212	0.060817839894611335	0.24868988716485443
0.9279417843805867	0.058381148595062556	0.36812455268467753
0.8745774889840177	0.05502375170696194	0.4817536741017147
0.8074205841389025	0.05079859738484651	0.5877852522924726
0.7275301743522395	0.04577231883636089	0.6845471059286881
0.6361661791105817	0.040024183476767956	0.7705132427757886
0.5347694631970953	0.03364484283445811	0.8443279255020144
0.42493911339319784	0.026734902922193955	0.9048270524660189
0.3084072199247679	0.01940333762018993	0.9510565162951531
0.18701156036458114	0.011765770092923445	0.9822872507286884
0.06266661678215404	0.003942649342761201	0.9980267284282714
-0.06266661678215016	-0.003942649342760956	0.9980267284282717
0.06167832680027695	0.011765770092923664	-0.9980267284282714
0.18406227634234038	0.03511175705587453	-0.9822872507286884
0.30354345383301085	0.057904010635307264	-0.9510565162951532
0.418237569728665	0.07978308337684195	-0.904827052466019
0.526335829306684	0.10040392923341997	-0.8443279255020146
0.6261334584387528	0.1194413451475869	-0.7705132427757888
0.7160565888972444	0.13659509969797531	-0.6845471059286883
0.7946870791973544	0.15159466792816934	-0.5877852522924728
0.8607848795354716	0.16420349768687098	-0.481753674101715
0.913307588115352	0.17422274019663583	-0.36812455268467775
0.9514268904471457	0.18149438601787946	-0.24868988716485468
0.9745416223617126	0.1859037569521302	-0.12533323356430426
0.9822872507286887	0.18738131458572443	-1.3079506867532357e-16
0.9745416223617126	0.1859037569521302	0.125333233564304
0.9514268904471457	0.18149438601787946	0.24868988716485443
0.9133075881153521	0.17422274019663583	0.36812455268467753
0.8607848795354718	0.16420349768687104	0.4817536741017147
0.7946870791973545	0.15159466792816934	0.5877852522924726
0.7160565888972447	0.13659509969797537	0.6845471059286881
0.6261334584387531	0.11944134514758696	0.7705132427757886
0.5263358293066843	0.10040392923342004	0.8443279255020144
0.41823756972866516	0.07978308337684199	0.9048270524660189
0.3035434538330113	0.05790401063530735	0.9510565162951531
0.1840622763423406	0.03511175705587457	0.9822872507286884
0.06167832680027717	0.011765770092923705	0.9980267284282714
-0.06167832680027334	-0.011765770092922973	0.9980267284282717
0.059717332759913214	0.019403337620190367	-0.9980267284282714
0.17821022026870686	0.057904010635307514	-0.9822872507286884
0.2938926261462376	0.09549150281252654	-0.9510565162951532
0.40494016974649744	0.13157303694653336	-0.904827052466019
0.5096015649703227	0.16557958568997078	-0.8443279255020146
0.606226239093347	0.19697484545462737	-0.7705132427757888
0.6932903632838678	0.2252636942393954	-0.6845471059286883
0.7694208842938136	0.24999999999999986	-0.5877852522924728
0.8334171783286889	0.27079365641784325	-0.481753674101715
0.8842699856020305	0.28731673510968797	-0.36812455268467775
0.9211773269651434	0.2993086572541548	-0.24868988716485468
0.9435571515973542	0.3065803030753984	-0.12533323356430426
0.9510565162951536	0.3090169943749472	-1.3079506867532357e-16
0.9435571515973542	0.3065803030753984	0.125333233564304
0.9211773269651434	0.2993086572541548	0.24868988716485443
0.8842699856020306	0.28731673510968797	0.36812455268467753
0.833417178328689	0.2707936564178433	0.4817536741017147
0.7694208842938137	0.24999999999999992	0.5877852522924726
0.6932903632838681	0.22526369423939546	0.6845471059286881
0.6062262390933474	0.19697484545462748	0.7705132427757886
0.509601564970323	0.1655795856899709	0.8443279255020144
0.40494016974649766	0.13157303694653344	0.9048270524660189
0.293892626146238	0.09549150281252668	0.9510565162951531
0.1782102202687071	0.05790401063530758	0.9822872507286884
0.05971733275991342	0.019403337620190437	0.9980267284282714
-0.059717332759909716	-0.019403337620189233	0.9980267284282717
0.05681456070852021	0.02673490292219461	-0.9980267284282714
0.16954768256381048	0.07978308337684238	-0.9822872507286884
0.27960693618219323	0.1315730369465335	-0.9510565162951532
0.38525662138789557	0.1812880051256554	-0.904827052466019
0.4848305795331604	0.2281439531677407	-0.8443279255020146
0.5767584698154377	0.2714019347817792	-0.7705132427757888
0.6595905344899162	0.3103797457566519	-0.6845471059286883
0.7320204624152024	0.34446268272906927	-0.5877852522924728
0.7929059903603726	0.3731132374228167	-0.481753674101715
0.8412869171784804	0.3958795734753621	-0.36812455268467775
0.8764002467522392	0.41240265216720684	-0.24868988716485468
0.8976922208985845	0.42242189467697167	-0.12533323356430426
0.9048270524660197	0.42577929156507227	-1.3079506867532357e-16
0.8976922208985845	0.42242189467697167	0.125333233564304
0.8764002467522392	0.41240265216720684	0.24868988716485443
0.8412869171784804	0.3958795734753622	0.36812455268467753
0.7929059903603728	0.3731132374228168	0.4817536741017147
0.7320204624152025	0.3444626827290693	0.5877852522924726
0.6595905344899164	0.31037974575665195	0.6845471059286881
0.576758469815438	0.2714019347817793	0.7705132427757886
0.48483057953316067	0.22814395316774086	0.8443279255020144
0.3852566213878958	0.18128800512565552	0.9048270524660189
0.2796069361821936	0.1315730369465337	0.9510565162951531
0.16954768256381067	0.07978308337684248	0.9822872507286884
0.05681456070852041	0.026734902922194704	0.9980267284282714
-0.056814560708516884	-0.026734902922193046	0.9980267284282717
0.053015789095380385	0.03364484283445896	-0.9980267284282714
0.15821127662200662	0.1004039292334206	-0.9822872507286884
0.26091167780546826	0.16557958568997114	-0.9510565162951532
0.3594973459688564	0.22814395316774091	-0.904827052466019
0.4524135262330105	0.2871103542174638	-0.8443279255020146
0.5381948749297295	0.34154885346976516	-0.7705132427757888
0.6154885689467723	0.39060092327145307	-0.6845471059286883
0.6830756405564752	0.4334929831794687	-0.5877852522924728
0.7398902012649938	0.4695485997865881	-0.481753674101715
0.7850362515105812	0.4981991544803356	-0.36812455268467775
0.8178018111119215	0.5189928108981791	-0.24868988716485468
0.8376701476209047	0.5316016406568806	-0.12533323356430426
0.8443279255020154	0.5358267949789961	-1.3079506867532357e-16
0.8376701476209047	0.5316016406568806	0.125333233564304
0.8178018111119215	0.5189928108981791	0.24868988716485443
0.7850362515105813	0.49819915448033564	0.36812455268467753
0.7398902012649939	0.4695485997865882	0.4817536741017147
0.6830756405564753	0.43349298317946877	0.5877852522924726
0.6154885689467725	0.3906009232714532	0.6845471059286881
0.5381948749297298	0.3415488534697653	0.7705132427757886
0.45241352623301084	0.28711035421746395	0.8443279255020144
0.3594973459688566	0.22814395316774105	0.9048270524660189
0.2609116778054686	0.16557958568997136	0.9510565162951531
0.1582112766220068	0.10040392923342072	0.9822872507286884
0.05301578909538057	0.03364484283445908	0.9980267284282714
-0.05301578909537728	-0.03364484283445699	0.9980267284282717
0.048380926818109106	0.040024183476769004	-0.9980267284282714
0.14437978433703813	0.11944134514758774	-0.9822872507286884
0.2381016864086695	0.19697484545462793	-0.9510565162951532
0.3280685826505833	0.27140193478177965	-0.904827052466019
0.4128616413654254	0.3415488534697654	-0.8443279255020146
0.4911436253643449	0.40630934270713764	-0.7705132427757888
0.5616799809962885	0.4646620908925821	-0.6845471059286883
0.6233583077965636	0.5156868403289719	-0.5877852522924728
0.6752059017066837	0.5585789002369876	-0.481753674101715
0.7164050951984348	0.592661837209405	-0.36812455268467775
0.7463061523792467	0.6173981429700096	-0.24868988716485468
0.7644375157153522	0.6323977112002036	-0.12533323356430426
0.7705132427757896	0.6374239897486892	-1.3079506867532357e-16
0.7644375157153522	0.6323977112002036	0.125333233564304
0.7463061523792467	0.6173981429700096	0.24868988716485443
0.7164050951984349	0.5926618372094051	0.36812455268467753
0.6752059017066839	0.5585789002369878	0.4817536741017147
0.6233583077965638	0.515686840328972	0.5877852522924726
0.5616799809962886	0.4646620908925822	0.6845471059286881
0.4911436253643452	0.40630934270713787	0.7705132427757886
0.41286164136542564	0.3415488534697656	0.8443279255020144
0.3280685826505835	0.2714019347817798	0.9048270524660189
0.23810168640866985	0.1969748454546282	0.9510565162951531
0.1443797843370383	0.11944134514758789	0.9822872507286884
0.04838092681810928	0.04002418347676914	0.9980267284282714
-0.048380926818106275	-0.04002418347676666	0.9980267284282717
0.042983068423551485	0.04577231883636212	-0.9980267284282714
0.12827133660477205	0.13659509969797634	-0.9822872507286884
0.21153668918215304	0.2252636942393961	-0.9510565162951532
0.29146598180523875	0.3103797457566525	-0.904827052466019
0.36679868178191777	0.39060092327145346	-0.8443279255020146
0.43634674743198437	0.46466209089258226	-0.7705132427757888
0.49901336421413645	0.5313952597646565	-0.6845471059286883
0.5538102421464971	0.589748007950101	-0.5877852522924728
0.5998732017300048	0.6388000777517889	-0.481753674101715
0.6364758025753493	0.6777778887266616	-0.36812455268467775
0.6630407998018658	0.7060667375114297	-0.24868988716485468
0.6791492475341319	0.723220492061818	-0.12533323356430426
0.6845471059286893	0.728968627421411	-1.3079506867532357e-16
0.6791492475341319	0.723220492061818	0.125333233564304
0.6630407998018658	0.7060667375114297	0.24868988716485443
0.6364758025753494	0.6777778887266617	0.36812455268467753
0.5998732017300049	0.638800077751789	0.4817536741017147
0.5538102421464972	0.5897480079501011	0.5877852522924726
0.4990133642141366	0.5313952597646567	0.6845471059286881
0.4363467474319846	0.4646620908925825	0.7705132427757886
0.366798681781918	0.39060092327145374	0.8443279255020144
0.2914659818052389	0.31037974575665267	0.9048270524660189
0.21153668918215335	0.2252636942393964	0.9510565162951531
0.12827133660477222	0.1365950996979765	0.9822872507286884
0.04298306842355164	0.04577231883636228	0.9980267284282714
-0.042983068423548966	-0.04577231883635943	0.9980267284282717
0.03690734136311397	0.050798597384847884	-0.9980267284282714
0.11013997326866641	0.15159466792817047	-0.9822872507286884
0.1816356320013411	0.25000000000000067	-0.9510565162951532
0.25026678831348764	0.34446268272907005	-0.904827052466019
0.31495108787179765	0.4334929831794692	-0.8443279255020146
0.3746684206317092	0.5156868403289723	-0.7705132427757888
0.428477008582193	0.5897480079501011	-0.6845471059286883
0.47552825814757754	0.6545084971874734	-0.5877852522924728
0.5150801430151626	0.7089469964397748	-0.481753674101715
0.5465089063334357	0.7522049780538134	-0.36812455268467775
0.5693188977302344	0.78360023781847	-0.24868988716485468
0.5831503900152027	0.802637653732637	-0.12533323356430426
0.5877852522924739	0.8090169943749468	-1.3079506867532357e-16
0.5831503900152027	0.802637653732637	0.125333233564304
0.5693188977302344	0.78360023781847	0.24868988716485443
0.5465089063334357	0.7522049780538134	0.36812455268467753
0.5150801430151628	0.708946996439775	0.4817536741017147
0.47552825814757765	0.6545084971874735	0.5877852522924726
0.4284770085821931	0.5897480079501012	0.6845471059286881
0.37466842063170935	0.5156868403289725	0.7705132427757886
0.3149510878717978	0.4334929831794695	0.8443279255020144
0.25026678831348775	0.3444626827290702	0.9048270524660189
0.18163563200134136	0.25000000000000105	0.9510565162951531
0.11013997326866654	0.15159466792817064	0.9822872507286884
0.036907341363114105	0.050798597384848064	0.9980267284282714
-0.036907341363111815	-0.05079859738484491	0.9980267284282717
0.03024956348200311	0.05502375170696344	-0.9980267284282714
0.09027163675968305	0.16420349768687229	-0.9822872507286884
0.14887007240000086	0.2707936564178442	-0.9510565162951532
0.20512073806790015	0.37311323742281766	-0.904827052466019
0.25813652716327906	0.4695485997865888	-0.8443279255020146
0.30708134902200623	0.5585789002369881	-0.7705132427757888
0.35118331456515034	0.6388000777517892	-0.6845471059286883
0.3897469094508586	0.708946996439775	-0.5877852522924728
0.42216396275100854	0.7679133974894979	-0.481753674101715
0.44792323817004775	0.8147693455315833	-0.36812455268467775
0.4666184965467728	0.8487758942750209	-0.24868988716485468
0.4779549024885766	0.8693967401315988	-0.12533323356430426
0.4817536741017163	0.876306680043863	-1.3079506867532357e-16
0.4779549024885766	0.8693967401315988	0.125333233564304
0.4666184965467728	0.8487758942750209	0.24868988716485443
0.4479232381700478	0.8147693455315834	0.36812455268467753
0.4221639627510086	0.7679133974894982	0.4817536741017147
0.38974690945085866	0.7089469964397751	0.5877852522924726
0.35118331456515045	0.6388000777517894	0.6845471059286881
0.3070813490220064	0.5585789002369884	0.7705132427757886
0.25813652716327923	0.4695485997865891	0.8443279255020144
0.20512073806790027	0.3731132374228179	0.9048270524660189
0.14887007240000105	0.2707936564178446	0.9510565162951531
0.09027163675968315	0.16420349768687248	0.9822872507286884
0.03024956348200322	0.055023751706963636	0.9980267284282714
-0.03024956348200134	-0.05502375170696022	0.9980267284282717
0.023114731914567734	0.058381148595064165	-0.9980267284282714
0.06897966261333757	0.17422274019663722	-0.9822872507286884
0.11375674282624199	0.287316735109689	-0.9510565162951532
0.1567398112497924	0.3958795734753632	-0.904827052466019
0.19725099921810876	0.4981991544803364	-0.8443279255020146
0.2346514210967202	0.5926618372094057	-0.7705132427757888
0.2683512498906719	0.677777888726662	-0.6845471059286883
0.29781901916858133	0.7522049780538137	-0.5877852522924728
0.3225900046057437	0.8147693455315834	-0.481753674101715
0.3422735529643456	0.8644843137107053	-0.36812455268467775
0.35655924292839003	0.9005658478447122	-0.24868988716485468
0.36522178063328636	0.9224449205862469	-0.12533323356430426
0.3681245526846793	0.9297764858882509	-1.3079506867532357e-16
0.36522178063328636	0.9224449205862469	0.125333233564304
0.35655924292839003	0.9005658478447122	0.24868988716485443
0.34227355296434564	0.8644843137107054	0.36812455268467753
0.3225900046057438	0.8147693455315836	0.4817536741017147
0.2978190191685814	0.7522049780538138	0.5877852522924726
0.268351249890672	0.6777778887266622	0.6845471059286881
0.2346514210967203	0.5926618372094059	0.7705132427757886
0.19725099921810887	0.49819915448033675	0.8443279255020144
0.15673981124979247	0.3958795734753634	0.9048270524660189
0.11375674282624214	0.2873167351096894	0.9510565162951531
0.06897966261333766	0.17422274019663742	0.9822872507286884
0.023114731914567817	0.058381148595064374	0.9980267284282714
-0.02311473191456638	-0.058381148595060744	0.9980267284282717
0.015615367216768072	0.06081783989461302	-0.9980267284282714
0.04659983798112664	0.18149438601788093	-0.9822872507286884
0.07684940146312896	0.29930865725415595	-0.9510565162951532
0.10588700397645061	0.412402652167208	-0.904827052466019
0.13325470518323343	0.51899281089818	-0.8443279255020146
0.15852090008677425	0.6173981429700103	-0.7705132427757888
0.18128712570015107	0.7060667375114302	-0.6845471059286883
0.2011943450455569	0.7836002378184705	-0.5877852522924728
0.21792860938191827	0.8487758942750211	-0.481753674101715
0.23122600936408583	0.9005658478447123	-0.36812455268467775
0.24087683705085908	0.9381533400219315	-0.24868988716485468
0.2467288931244926	0.9609455936013643	-0.12533323356430426
0.24868988716485627	0.9685831611286307	-1.3079506867532357e-16
0.2467288931244926	0.9609455936013643	0.125333233564304
0.24087683705085908	0.9381533400219315	0.24868988716485443
0.23122600936408585	0.9005658478447124	0.36812455268467753
0.21792860938191833	0.8487758942750213	0.4817536741017147
0.20119434504555692	0.7836002378184705	0.5877852522924726
0.18128712570015112	0.7060667375114303	0.6845471059286881
0.15852090008677433	0.6173981429700106	0.7705132427757886
0.1332547051832335	0.5189928108981803	0.8443279255020144
0.10588700397645066	0.41240265216720823	0.9048270524660189
0.07684940146312907	0.29930865725415634	0.9510565162951531
0.0465998379811267	0.18149438601788115	0.9822872507286884
0.015615367216768126	0.060817839894613236	0.9980267284282714
-0.015615367216767156	-0.06081783989460946	0.9980267284282717
0.007869738849791764	0.06229539752820731	-0.9980267284282714
0.023485106066559503	0.18590375695213177	-0.9822872507286884
0.03873009913133526	0.3065803030753997	-0.9510565162951532
0.05336429539657012	0.42242189467697294	-0.904827052466019
0.06715690484511617	0.5316016406568818	-0.8443279255020146
0.07989040978666438	0.6323977112002044	-0.7705132427757888
0.09136399524165938	0.7232204920618188	-0.6845471059286883
0.10139671591348816	0.8026376537326376	-0.5877852522924728
0.10983034980389914	0.8693967401315994	-0.481753674101715
0.11653189346843189	0.9224449205862473	-0.36812455268467775
0.12139565956018857	0.9609455936013646	-0.24868988716485468
0.12434494358242915	0.9842915805643154	-0.12533323356430426
0.125333233564306	0.9921147013144777	-1.3079506867532357e-16
0.12434494358242915	0.9842915805643154	0.125333233564304
0.12139565956018857	0.9609455936013646	0.24868988716485443
0.1165318934684319	0.9224449205862474	0.36812455268467753
0.10983034980389916	0.8693967401315996	0.4817536741017147
0.10139671591348817	0.8026376537326377	0.5877852522924726
0.0913639952416594	0.723220492061819	0.6845471059286881
0.07989040978666442	0.6323977112002047	0.7705132427757886
0.06715690484511622	0.5316016406568821	0.8443279255020144
0.05336429539657015	0.42242189467697316	0.9048270524660189
0.038730099131335315	0.3065803030754001	0.9510565162951531
0.02348510606655953	0.185903756952132	0.9822872507286884
0.007869738849791792	0.06229539752820753	0.9980267284282714
-0.007869738849791304	-0.06229539752820366	0.9980267284282717
1.293254753552368e-16	0.06279051952931508	-0.9980267284282714
3.8593688606405655e-16	0.18738131458572604	-0.9822872507286884
6.364618415321253e-16	0.3090169943749485	-0.9510565162951532
8.769494135553582e-16	0.42577929156507366	-0.904827052466019
1.1036069694626356e-15	0.5358267949789973	-0.8443279255020146
1.3128599841986394e-15	0.6374239897486902	-0.7705132427757888
1.5014084127192913e-15	0.7289686274214119	-0.6845471059286883
1.6662787336734483e-15	0.8090169943749477	-0.5877852522924728
1.8048708436109078e-15	0.8763066800438637	-0.481753674101715
1.9149990621670426e-15	0.9297764858882515	-0.36812455268467775
1.9949266015478138e-15	0.9685831611286312	-0.24868988716485468
2.0433929567107886e-15	0.9921147013144779	-0.12533323356430426
2.0596337842826493e-15	1.0	-1.3079506867532357e-16
2.0433929567107886e-15	0.9921147013144779	0.125333233564304
1.9949266015478138e-15	0.9685831611286312	0.24868988716485443
1.914999062167043e-15	0.9297764858882516	0.36812455268467753
1.804870843610908e-15	0.8763066800438639	0.4817536741017147
1.6662787336734485e-15	0.8090169943749478	0.5877852522924726
1.5014084127192917e-15	0.7289686274214121	0.6845471059286881
1.3128599841986402e-15	0.6374239897486905	0.7705132427757886
1.1036069694626362e-15	0.5358267949789977	0.8443279255020144
8.769494135553586e-16	0.4257792915650739	0.9048270524660189
6.364618415321263e-16	0.30901699437494895	0.9510565162951531
3.85936886064057e-16	0.18738131458572627	0.9822872507286884
1.2932547535523728e-16	0.0627905195293153	0.9980267284282714
-1.2932547535522924e-16	-0.0627905195293114	0.9980267284282717
-0.007869738849791537	0.062295397528207334	-0.9980267284282714
-0.02348510606655882	0.18590375695213185	-0.9822872507286884
-0.038730099131334135	0.3065803030753998	-0.9510565162951532
-0.053364295396568576	0.42242189467697316	-0.904827052466019
-0.06715690484511423	0.531601640656882	-0.8443279255020146
-0.07989040978666206	0.6323977112002047	-0.7705132427757888
-0.09136399524165673	0.7232204920618192	-0.6845471059286883
-0.10139671591348522	0.8026376537326381	-0.5877852522924728
-0.10983034980389596	0.8693967401315997	-0.481753674101715
-0.1165318934684285	0.9224449205862476	-0.36812455268467775
-0.12139565956018505	0.9609455936013649	-0.24868988716485468
-0.12434494358242554	0.9842915805643159	-0.12533323356430426
-0.12533323356430237	0.9921147013144781	-1.3079506867532357e-16
-0.12434494358242554	0.9842915805643159	0.125333233564304
-0.12139565956018505	0.9609455936013649	0.24868988716485443
-0.11653189346842852	0.9224449205862477	0.36812455268467753
-0.10983034980389599	0.8693967401316	0.4817536741017147
-0.10139671591348523	0.8026376537326382	0.5877852522924726
-0.09136399524165675	0.7232204920618194	0.6845471059286881
-0.0798904097866621	0.632397711200205	0.7705132427757886
-0.06715690484511427	0.5316016406568823	0.8443279255020144
-0.0533642953965686	0.42242189467697333	0.9048270524660189
-0.03873009913133419	0.30658030307540024	0.9510565162951531
-0.023485106066558847	0.18590375695213207	0.9822872507286884
-0.007869738849791565	0.062295397528207556	0.9980267284282714
0.007869738849791075	-0.062295397528203685	0.9980267284282717
-0.01561536721676786	0.060817839894613084	-0.9980267284282714
-0.04659983798112602	0.1814943860178811	-0.9822872507286884
-0.07684940146312792	0.29930865725415623	-0.9510565162951532
-0.10588700397644918	0.41240265216720834	-0.904827052466019
-0.13325470518323163	0.5189928108981804	-0.8443279255020146
-0.1585209000867721	0.6173981429700108	-0.7705132427757888
-0.18128712570014863	0.7060667375114308	-0.6845471059286883
-0.20119434504555417	0.7836002378184712	-0.5877852522924728
-0.21792860938191533	0.8487758942750219	-0.481753674101715
-0.23122600936408272	0.9005658478447132	-0.36812455268467775
-0.24087683705085583	0.9381533400219324	-0.24868988716485468
-0.24672889312448926	0.9609455936013652	-0.12533323356430426
-0.2486898871648529	0.9685831611286316	-1.3079506867532357e-16
-0.24672889312448926	0.9609455936013652	0.125333233564304
-0.24087683705085583	0.9381533400219324	0.24868988716485443
-0.23122600936408275	0.9005658478447133	0.36812455268467753
-0.21792860938191538	0.8487758942750221	0.4817536741017147
-0.2011943450455542	0.7836002378184713	0.5877852522924726
-0.18128712570014868	0.706066737511431	0.6845471059286881
-0.1585209000867722	0.6173981429700112	0.7705132427757886
-0.1332547051832317	0.5189928108981807	0.8443279255020144
-0.10588700397644923	0.41240265216720856	0.9048270524660189
-0.07684940146312803	0.2993086572541566	0.9510565162951531
-0.046599837981126074	0.18149438601788132	0.9822872507286884
-0.015615367216767916	0.0608178398946133	0.9980267284282714
0.015615367216766946	-0.06081783989460952	0.9980267284282717
-0.023114731914567532	0.05838114859506424	-0.9980267284282714
-0.06897966261333698	0.17422274019663744	-0.9822872507286884
-0.11375674282624099	0.2873167351096894	-0.9510565162951532
-0.15673981124979103	0.3958795734753637	-0.904827052466019
-0.19725099921810704	0.4981991544803371	-0.8443279255020146
-0.23465142109671813	0.5926618372094065	-0.7705132427757888
-0.26835124989066955	0.6777778887266629	-0.6845471059286883
-0.2978190191685787	0.7522049780538147	-0.5877852522924728
-0.3225900046057409	0.8147693455315845	-0.481753674101715
-0.34227355296434264	0.8644843137107064	-0.36812455268467775
-0.3565592429283869	0.9005658478447134	-0.24868988716485468
-0.3652217806332832	0.9224449205862482	-0.12533323356430426
-0.3681245526846761	0.9297764858882521	-1.3079506867532357e-16
-0.3652217806332832	0.9224449205862482	0.125333233564304
-0.3565592429283869	0.9005658478447134	0.24868988716485443
-0.34227355296434264	0.8644843137107066	0.36812455268467753
-0.322590004605741	0.8147693455315848	0.4817536741017147
-0.2978190191685788	0.7522049780538148	0.5877852522924726
-0.2683512498906696	0.6777778887266631	0.6845471059286881
-0.23465142109671824	0.5926618372094067	0.7705132427757886
-0.19725099921810715	0.49819915448033736	0.8443279255020144
-0.1567398112497911	0.3958795734753639	0.9048270524660189
-0.11375674282624115	0.2873167351096898	0.9510565162951531
-0.06897966261333706	0.17422274019663764	0.9822872507286884
-0.023114731914567616	0.05838114859506445	0.9980267284282714
0.02311473191456618	-0.05838114859506082	0.9980267284282717
-0.030249563482002934	0.05502375170696354	-0.9980267284282714
-0.09027163675968251	0.16420349768687256	-0.9822872507286884
-0.14887007239999997	0.2707936564178447	-0.9510565162951532
-0.20512073806789893	0.3731132374228183	-0.904827052466019
-0.2581365271632775	0.46954859978658964	-0.8443279255020146
-0.30708134902200446	0.5585789002369891	-0.7705132427757888
-0.3511833145651483	0.6388000777517903	-0.6845471059286883
-0.3897469094508563	0.7089469964397762	-0.5877852522924728
-0.42216396275100604	0.7679133974894993	-0.481753674101715
-0.4479232381700451	0.8147693455315848	-0.36812455268467775
-0.46661849654677	0.8487758942750223	-0.24868988716485468
-0.4779549024885738	0.8693967401316004	-0.12533323356430426
-0.4817536741017135	0.8763066800438646	-1.3079506867532357e-16
-0.4779549024885738	0.8693967401316004	0.125333233564304
-0.46661849654677	0.8487758942750223	0.24868988716485443
-0.44792323817004515	0.8147693455315849	0.36812455268467753
-0.42216396275100615	0.7679133974894995	0.4817536741017147
-0.3897469094508564	0.7089469964397763	0.5877852522924726
-0.3511833145651484	0.6388000777517905	0.6845471059286881
-0.3070813490220046	0.5585789002369894	0.7705132427757886
-0.2581365271632777	0.4695485997865899	0.8443279255020144
-0.20512073806789904	0.37311323742281854	0.9048270524660189
-0.1488700724000002	0.2707936564178451	0.9510565162951531
-0.09027163675968262	0.16420349768687276	0.9822872507286884
-0.030249563482003042	0.05502375170696373	0.9980267284282714
0.03024956348200116	-0.05502375170696032	0.9980267284282717
-0.03690734136311383	0.050798597384847995	-0.9980267284282714
-0.11013997326866597	0.1515946679281708	-0.9822872507286884
-0.1816356320013404	0.2500000000000012	-0.9510565162951532
-0.25026678831348664	0.34446268272907077	-0.904827052466019
-0.3149510878717964	0.4334929831794702	-0.8443279255020146
-0.3746684206317077	0.5156868403289734	-0.7705132427757888
-0.4284770085821913	0.5897480079501024	-0.6845471059286883
-0.47552825814757566	0.6545084971874748	-0.5877852522924728
-0.5150801430151606	0.7089469964397763	-0.481753674101715
-0.5465089063334335	0.7522049780538149	-0.36812455268467775
-0.5693188977302321	0.7836002378184718	-0.24868988716485468
-0.5831503900152004	0.8026376537326387	-0.12533323356430426
-0.5877852522924716	0.8090169943749486	-1.3079506867532357e-16
-0.5831503900152004	0.8026376537326387	0.125333233564304
-0.5693188977302321	0.7836002378184718	0.24868988716485443
-0.5465089063334336	0.752204978053815	0.36812455268467753
-0.5150801430151607	0.7089469964397765	0.4817536741017147
-0.47552825814757577	0.654508497187475	0.5877852522924726
-0.42847700858219145	0.5897480079501025	0.6845471059286881
-0.37466842063170785	0.5156868403289736	0.7705132427757886
-0.3149510878717966	0.43349298317947044	0.8443279255020144
-0.25026678831348675	0.34446268272907093	0.9048270524660189
-0.18163563200134064	0.2500000000000016	0.9510565162951531
-0.1101399732686661	0.15159466792817097	0.9822872507286884
-0.03690734136311396	0.050798597384848175	0.9980267284282714
0.03690734136311167	-0.05079859738484502	0.9980267284282717
-0.04298306842355135	0.04577231883636224	-0.9980267284282714
-0.12827133660477166	0.1365950996979767	-0.9822872507286884
-0.2115366891821524	0.2252636942393967	-0.9510565162951532
-0.29146598180523786	0.31037974575665334	-0.904827052466019
-0.3667986817819166	0.39060092327145457	-0.8443279255020146
-0.43634674743198304	0.46466209089258353	-0.7705132427757888
-0.49901336421413495	0.5313952597646581	-0.6845471059286883
-0.5538102421464954	0.5897480079501026	-0.5877852522924728
-0.5998732017300029	0.6388000777517906	-0.481753674101715
-0.6364758025753474	0.6777778887266634	-0.36812455268467775
-0.6630407998018638	0.7060667375114316	-0.24868988716485468
-0.6791492475341298	0.72322049206182	-0.12533323356430426
-0.6845471059286872	0.728968627421413	-1.3079506867532357e-16
-0.6791492475341298	0.72322049206182	0.125333233564304
-0.6630407998018638	0.7060667375114316	0.24868988716485443
-0.6364758025753474	0.6777778887266636	0.36812455268467753
-0.5998732017300031	0.6388000777517908	0.4817536741017147
-0.5538102421464955	0.5897480079501027	0.5877852522924726
-0.4990133642141351	0.5313952597646582	0.6845471059286881
-0.43634674743198326	0.46466209089258376	0.7705132427757886
-0.3667986817819168	0.3906009232714548	0.8443279255020144
-0.29146598180523803	0.3103797457566535	0.9048270524660189
-0.2115366891821527	0.22526369423939704	0.9510565162951531
-0.1282713366047718	0.13659509969797687	0.9822872507286884
-0.042983068423551506	0.0457723188363624	0.9980267284282714
0.042983068423548834	-0.045772318836359564	0.9980267284282717
-0.04838092681810901	0.04002418347676913	-0.9980267284282714
-0.14437978433703785	0.11944134514758811	-0.9822872507286884
-0.23810168640866902	0.19697484545462854	-0.9510565162951532
-0.32806858265058264	0.2714019347817805	-0.904827052466019
-0.4128616413654246	0.34154885346976643	-0.8443279255020146
-0.49114362536434397	0.4063093427071389	-0.7705132427757888
-0.5616799809962874	0.46466209089258353	-0.6845471059286883
-0.6233583077965624	0.5156868403289736	-0.5877852522924728
-0.6752059017066824	0.5585789002369894	-0.481753674101715
-0.7164050951984333	0.5926618372094069	-0.36812455268467775
-0.7463061523792452	0.6173981429700115	-0.24868988716485468
-0.7644375157153507	0.6323977112002056	-0.12533323356430426
-0.770513242775788	0.6374239897486912	-1.3079506867532357e-16
-0.7644375157153507	0.6323977112002056	0.125333233564304
-0.7463061523792452	0.6173981429700115	0.24868988716485443
-0.7164050951984334	0.592661837209407	0.36812455268467753
-0.6752059017066825	0.5585789002369895	0.4817536741017147
-0.6233583077965624	0.5156868403289737	0.5877852522924726
-0.5616799809962875	0.4646620908925837	0.6845471059286881
-0.4911436253643442	0.40630934270713914	0.7705132427757886
-0.4128616413654248	0.34154885346976666	0.8443279255020144
-0.3280685826505828	0.27140193478178065	0.9048270524660189
-0.23810168640866936	0.19697484545462882	0.9510565162951531
-0.14437978433703802	0.11944134514758825	0.9822872507286884
-0.04838092681810918	0.040024183476769275	0.9980267284282714
0.04838092681810618	-0.040024183476766784	0.9980267284282717
-0.05301578909538029	0.033644842834459114	-0.9980267284282714
-0.15821127662200632	0.10040392923342106	-0.9822872507286884
-0.26091167780546776	0.1655795856899719	-0.9510565162951532
-0.35949734596885574	0.22814395316774197	-0.904827052466019
-0.4524135262330097	0.28711035421746506	-0.8443279255020146
-0.5381948749297285	0.3415488534697667	-0.7705132427757888
-0.6154885689467712	0.39060092327145485	-0.6845471059286883
-0.683075640556474	0.4334929831794707	-0.5877852522924728
-0.7398902012649924	0.46954859978659025	-0.481753674101715
-0.7850362515105798	0.49819915448033786	-0.36812455268467775
-0.81780181111192	0.5189928108981814	-0.24868988716485468
-0.8376701476209032	0.5316016406568831	-0.12533323356430426
-0.8443279255020139	0.5358267949789985	-1.3079506867532357e-16
-0.8376701476209032	0.5316016406568831	0.125333233564304
-0.81780181111192	0.5189928108981814	0.24868988716485443
-0.7850362515105799	0.4981991544803379	0.36812455268467753
-0.7398902012649926	0.46954859978659036	0.4817536741017147
-0.6830756405564741	0.43349298317947077	0.5877852522924726
-0.6154885689467713	0.39060092327145496	0.6845471059286881
-0.5381948749297288	0.3415488534697669	0.7705132427757886
-0.45241352623301	0.2871103542174653	0.8443279255020144
-0.3594973459688559	0.22814395316774208	0.9048270524660189
-0.26091167780546815	0.1655795856899721	0.9510565162951531
-0.1582112766220065	0.10040392923342117	0.9822872507286884
-0.053015789095380475	0.03364484283445923	0.9980267284282714
0.053015789095377186	-0.03364484283445714	0.9980267284282717
-0.056814560708520145	0.02673490292219475	-0.9980267284282714
-0.16954768256381028	0.0797830833768428	-0.9822872507286884
-0.27960693618219296	0.1315730369465342	-0.9510565162951532
-0.3852566213878952	0.18128800512565635	-0.904827052466019
-0.48483057953315983	0.2281439531677419	-0.8443279255020146
-0.5767584698154371	0.2714019347817806	-0.7705132427757888
-0.6595905344899154	0.3103797457566535	-0.6845471059286883
-0.7320204624152016	0.3444626827290711	-0.5877852522924728
-0.7929059903603717	0.3731132374228187	-0.481753674101715
-0.8412869171784794	0.3958795734753642	-0.36812455268467775
-0.8764002467522382	0.412402652167209	-0.24868988716485468
-0.8976922208985836	0.4224218946769739	-0.12533323356430426
-0.9048270524660187	0.4257792915650745	-1.3079506867532357e-16
-0.8976922208985836	0.4224218946769739	0.125333233564304
-0.8764002467522382	0.412402652167209	0.24868988716485443
-0.8412869171784795	0.39587957347536423	0.36812455268467753
-0.7929059903603719	0.37311323742281877	0.4817536741017147
-0.7320204624152016	0.3444626827290711	0.5877852522924726
-0.6595905344899157	0.31037974575665356	0.6845471059286881
-0.5767584698154373	0.27140193478178076	0.7705132427757886
-0.48483057953316017	0.22814395316774203	0.8443279255020144
-0.38525662138789535	0.18128800512565646	0.9048270524660189
-0.27960693618219334	0.13157303694653438	0.9510565162951531
-0.1695476825638105	0.0797830833768429	0.9822872507286884
-0.05681456070852035	0.026734902922194843	0.9980267284282714
0.05681456070851682	-0.026734902922193184	0.9980267284282717
-0.059717332759913165	0.019403337620190524	-0.9980267284282714
-0.17821022026870673	0.05790401063530797	-0.9822872507286884
-0.2938926261462374	0.0954915028125273	-0.9510565162951532
-0.4049401697464971	0.1315730369465344	-0.904827052466019
-0.5096015649703223	0.1655795856899721	-0.8443279255020146
-0.6062262390933465	0.19697484545462893	-0.7705132427757888
-0.6932903632838673	0.22526369423939718	-0.6845471059286883
-0.7694208842938131	0.25000000000000183	-0.5877852522924728
-0.8334171783286881	0.2707936564178454	-0.481753674101715
-0.8842699856020297	0.28731673510969025	-0.36812455268467775
-0.9211773269651427	0.2993086572541571	-0.24868988716485468
-0.9435571515973534	0.30658030307540085	-0.12533323356430426
-0.9510565162951529	0.3090169943749496	-1.3079506867532357e-16
-0.9435571515973534	0.30658030307540085	0.125333233564304
-0.9211773269651427	0.2993086572541571	0.24868988716485443
-0.8842699856020299	0.28731673510969025	0.36812455268467753
-0.8334171783286883	0.2707936564178455	0.4817536741017147
-0.7694208842938132	0.2500000000000019	0.5877852522924726
-0.6932903632838674	0.22526369423939724	0.6845471059286881
-0.6062262390933468	0.19697484545462904	0.7705132427757886
-0.5096015649703226	0.1655795856899722	0.8443279255020144
-0.4049401697464973	0.13157303694653447	0.9048270524660189
-0.2938926261462378	0.09549150281252744	0.9510565162951531
-0.17821022026870695	0.05790401063530804	0.9822872507286884
-0.05971733275991337	0.01940333762019059	0.9980267284282714
0.05971733275990967	-0.019403337620189386	0.9980267284282717
-0.06167832680027692	0.011765770092923808	-0.9980267284282714
-0.1840622763423403	0.03511175705587496	-0.9822872507286884
-0.3035434538330107	0.05790401063530798	-0.9510565162951532
-0.41823756972866477	0.07978308337684294	-0.904827052466019
-0.5263358293066838	0.1004039292334212	-0.8443279255020146
-0.6261334584387525	0.11944134514758838	-0.7705132427757888
-0.7160565888972442	0.136595099697977	-0.6845471059286883
-0.794687079197354	0.1515946679281712	-0.5877852522924728
-0.8607848795354711	0.164203497686873	-0.481753674101715
-0.9133075881153515	0.17422274019663797	-0.36812455268467775
-0.9514268904471452	0.1814943860178817	-0.24868988716485468
-0.9745416223617122	0.1859037569521325	-0.12533323356430426
-0.9822872507286883	0.18738131458572674	-1.3079506867532357e-16
-0.9745416223617122	0.1859037569521325	0.125333233564304
-0.9514268904471452	0.1814943860178817	0.24868988716485443
-0.9133075881153516	0.17422274019663797	0.36812455268467753
-0.8607848795354713	0.16420349768687306	0.4817536741017147
-0.7946870791973542	0.15159466792817122	0.5877852522924726
-0.7160565888972443	0.13659509969797706	0.6845471059286881
-0.6261334584387528	0.11944134514758843	0.7705132427757886
-0.5263358293066841	0.10040392923342126	0.8443279255020144
-0.418237569728665	0.07978308337684298	0.9048270524660189
-0.3035434538330111	0.05790401063530806	0.9510565162951531
-0.18406227634234051	0.035111757055875	0.9822872507286884
-0.06167832680027714	0.01176577009292385	0.9980267284282714
0.06167832680027331	-0.011765770092923119	0.9980267284282717
-0.06266661678215382	0.003942649342761316	-0.9980267284282714
-0.18701156036458091	0.011765770092923816	-0.9822872507286884
-0.30840721992476744	0.019403337620190537	-0.9510565162951532
-0.42493911339319757	0.026734902922194815	-0.904827052466019
-0.5347694631970948	0.03364484283445919	-0.8443279255020146
-0.6361661791105813	0.04002418347676925	-0.7705132427757888
-0.7275301743522392	0.045772318836362375	-0.6845471059286883
-0.8074205841389023	0.05079859738484817	-0.5877852522924728
-0.8745774889840173	0.055023751706963726	-0.481753674101715
-0.9279417843805865	0.05838114859506446	-0.36812455268467775
-0.9666718835119211	0.06081783989461332	-0.24868988716485468
-0.9901569895784801	0.0622953975282076	-0.12533323356430426
-0.9980267284282714	0.06279051952931536	-1.3079506867532357e-16
-0.9901569895784801	0.0622953975282076	0.125333233564304
-0.9666718835119211	0.06081783989461332	0.24868988716485443
-0.9279417843805866	0.058381148595064464	0.36812455268467753
-0.8745774889840175	0.05502375170696374	0.4817536741017147
-0.8074205841389024	0.050798597384848175	0.5877852522924726
-0.7275301743522394	0.04577231883636239	0.6845471059286881
-0.6361661791105816	0.04002418347676927	0.7705132427757886
-0.5347694631970952	0.03364484283445921	0.8443279255020144
-0.4249391133931978	0.02673490292219483	0.9048270524660189
-0.3084072199247679	0.019403337620190565	0.9510565162951531
-0.18701156036458114	0.01176577009292383	0.9822872507286884
-0.06266661678215404	0.00394264934276133	0.9980267284282714
0.06266661678215014	-0.0039426493427610855	0.9980267284282717
-0.06266661678215384	-0.003942649342761022	-0.9980267284282714
-0.18701156036458097	-0.01176577009292294	-0.9822872507286884
-0.3084072199247675	-0.019403337620189094	-0.9510565162951532
-0.42493911339319773	-0.026734902922192823	-0.904827052466019
-0.5347694631970951	-0.033644842834456685	-0.8443279255020146
-0.6361661791105815	-0.04002418347676626	-0.7705132427757888
-0.7275301743522394	-0.04577231883635897	-0.6845471059286883
-0.8074205841389026	-0.05079859738484438	-0.5877852522924728
-0.8745774889840175	-0.05502375170695963	-0.481753674101715
-0.9279417843805868	-0.05838114859506011	-0.36812455268467775
-0.9666718835119215	-0.06081783989460879	-0.24868988716485468
-0.9901569895784804	-0.062295397528202956	-0.12533323356430426
-0.9980267284282718	-0.06279051952931068	-1.3079506867532357e-16
-0.9901569895784804	-0.062295397528202956	0.125333233564304
-0.9666718835119215	-0.06081783989460879	0.24868988716485443
-0.9279417843805869	-0.05838114859506012	0.36812455268467753
-0.8745774889840178	-0.055023751706959646	0.4817536741017147
-0.8074205841389027	-0.050798597384844386	0.5877852522924726
-0.7275301743522397	-0.04577231883635898	0.6845471059286881
-0.6361661791105818	-0.040024183476766284	0.7705132427757886
-0.5347694631970954	-0.033644842834456706	0.8443279255020144
-0.42493911339319795	-0.026734902922192837	0.9048270524660189
-0.30840721992476794	-0.019403337620189122	0.9510565162951531
-0.1870115603645812	-0.011765770092922954	0.9822872507286884
-0.06266661678215406	-0.003942649342761036	0.9980267284282714
0.06266661678215017	0.003942649342760791	0.9980267284282717
-0.061678326800276975	-0.01176577009292352	-0.9980267284282714
-0.18406227634234046	-0.0351117570558741	-0.9822872507286884
-0.30354345383301096	-0.05790401063530656	-0.9510565162951532
-0.41823756972866516	-0.07978308337684098	-0.904827052466019
-0.5263358293066843	-0.10040392923341875	-0.8443279255020146
-0.626133458438753	-0.11944134514758545	-0.7705132427757888
-0.7160565888972448	-0.13659509969797368	-0.6845471059286883
-0.7946870791973547	-0.15159466792816748	-0.5877852522924728
-0.8607848795354719	-0.164203497686869	-0.481753674101715
-0.9133075881153524	-0.1742227401966337	-0.36812455268467775
-0.9514268904471461	-0.18149438601787726	-0.24868988716485468
-0.974541622361713	-0.18590375695212796	-0.12533323356430426
-0.9822872507286892	-0.18738131458572216	-1.3079506867532357e-16
-0.974541622361713	-0.18590375695212796	0.125333233564304
-0.9514268904471461	-0.18149438601787726	0.24868988716485443
-0.9133075881153525	-0.17422274019663372	0.36812455268467753
-0.8607848795354721	-0.16420349768686904	0.4817536741017147
-0.7946870791973548	-0.1515946679281675	0.5877852522924726
-0.716056588897245	-0.1365950996979737	0.6845471059286881
-0.6261334584387533	-0.11944134514758552	0.7705132427757886
-0.5263358293066845	-0.10040392923341881	0.8443279255020144
-0.4182375697286654	-0.07978308337684102	0.9048270524660189
-0.3035434538330114	-0.057904010635306646	0.9510565162951531
-0.18406227634234068	-0.03511175705587414	0.9822872507286884
-0.0616783268002772	-0.011765770092923561	0.9980267284282714
0.06167832680027337	0.011765770092922831	0.9980267284282717
-0.05971733275991326	-0.01940333762019022	-0.9980267284282714
-0.17821022026870703	-0.05790401063530706	-0.9822872507286884
-0.29389262614623785	-0.0954915028125258	-0.9510565162951532
-0.40494016974649777	-0.13157303694653236	-0.904827052466019
-0.5096015649703232	-0.1655795856899695	-0.8443279255020146
-0.6062262390933475	-0.19697484545462585	-0.7705132427757888
-0.6932903632838684	-0.22526369423939366	-0.6845471059286883
-0.7694208842938143	-0.24999999999999795	-0.5877852522924728
-0.8334171783286896	-0.27079365641784114	-0.481753674101715
-0.8842699856020312	-0.28731673510968575	-0.36812455268467775
-0.9211773269651442	-0.29930865725415245	-0.24868988716485468
-0.943557151597355	-0.306580303075396	-0.12533323356430426
-0.9510565162951544	-0.3090169943749448	-1.3079506867532357e-16
-0.943557151597355	-0.306580303075396	0.125333233564304
-0.9211773269651442	-0.29930865725415245	0.24868988716485443
-0.8842699856020313	-0.28731673510968575	0.36812455268467753
-0.8334171783286898	-0.27079365641784126	0.4817536741017147
-0.7694208842938144	-0.24999999999999797	0.5877852522924726
-0.6932903632838686	-0.2252636942393937	0.6845471059286881
-0.6062262390933478	-0.19697484545462596	0.7705132427757886
-0.5096015649703235	-0.1655795856899696	0.8443279255020144
-0.404940169746498	-0.1315730369465324	0.9048270524660189
-0.2938926261462383	-0.09549150281252594	0.9510565162951531
-0.17821022026870723	-0.05790401063530713	0.9822872507286884
-0.05971733275991347	-0.019403337620190288	0.9980267284282714
0.059717332759909765	0.019403337620189084	0.9980267284282717
-0.05681456070852027	-0.026734902922194485	-0.9980267284282714
-0.16954768256381067	-0.079783083376842	-0.9822872507286884
-0.27960693618219357	-0.13157303694653288	-0.9510565162951532
-0.385256621387896	-0.18128800512565457	-0.904827052466019
-0.48483057953316094	-0.22814395316773964	-0.8443279255020146
-0.5767584698154383	-0.27140193478177793	-0.7705132427757888
-0.6595905344899169	-0.3103797457566504	-0.6845471059286883
-0.7320204624152031	-0.34446268272906766	-0.5877852522924728
-0.7929059903603735	-0.373113237422815	-0.481753674101715
-0.8412869171784813	-0.39587957347536024	-0.36812455268467775
-0.8764002467522402	-0.4124026521672049	-0.24868988716485468
-0.8976922208985855	-0.42242189467696967	-0.12533323356430426
-0.9048270524660207	-0.4257792915650703	-1.3079506867532357e-16
-0.8976922208985855	-0.42242189467696967	0.125333233564304
-0.8764002467522402	-0.4124026521672049	0.24868988716485443
-0.8412869171784814	-0.3958795734753603	0.36812455268467753
-0.7929059903603737	-0.3731132374228151	0.4817536741017147
-0.7320204624152032	-0.3444626827290677	0.5877852522924726
-0.6595905344899171	-0.3103797457566505	0.6845471059286881
-0.5767584698154387	-0.27140193478177804	0.7705132427757886
-0.4848305795331612	-0.22814395316773978	0.8443279255020144
-0.38525662138789624	-0.18128800512565466	0.9048270524660189
-0.27960693618219395	-0.13157303694653308	0.9510565162951531
-0.16954768256381086	-0.0797830833768421	0.9822872507286884
-0.05681456070852047	-0.02673490292219458	0.9980267284282714
0.05681456070851695	0.02673490292219292	0.9980267284282717
-0.05301578909538045	-0.033644842834458864	-0.9980267284282714
-0.1582112766220068	-0.10040392923342031	-0.9822872507286884
-0.26091167780546853	-0.16557958568997064	-0.9510565162951532
-0.35949734596885685	-0.22814395316774028	-0.904827052466019
-0.45241352623301107	-0.28711035421746295	-0.8443279255020146
-0.5381948749297302	-0.34154885346976416	-0.7705132427757888
-0.6154885689467731	-0.3906009232714519	-0.6845471059286883
-0.6830756405564761	-0.4334929831794675	-0.5877852522924728
-0.7398902012649947	-0.46954859978658675	-0.481753674101715
-0.7850362515105822	-0.49819915448033414	-0.36812455268467775
-0.8178018111119225	-0.5189928108981775	-0.24868988716485468
-0.8376701476209057	-0.5316016406568792	-0.12533323356430426
-0.8443279255020164	-0.5358267949789945	-1.3079506867532357e-16
-0.8376701476209057	-0.5316016406568792	0.125333233564304
-0.8178018111119225	-0.5189928108981775	0.24868988716485443
-0.7850362515105823	-0.4981991544803342	0.36812455268467753
-0.7398902012649948	-0.46954859978658686	0.4817536741017147
-0.6830756405564762	-0.43349298317946755	0.5877852522924726
-0.6154885689467732	-0.39060092327145207	0.6845471059286881
-0.5381948749297304	-0.3415488534697643	0.7705132427757886
-0.45241352623301134	-0.2871103542174631	0.8443279255020144
-0.359497345968857	-0.2281439531677404	0.9048270524660189
-0.2609116778054689	-0.1655795856899709	0.9510565162951531
-0.15821127662200699	-0.10040392923342042	0.9822872507286884
-0.053015789095380635	-0.03364484283445898	0.9980267284282714
0.053015789095377346	0.033644842834456894	0.9980267284282717
-0.04838092681810919	-0.04002418347676891	-0.9980267284282714
-0.14437978433703838	-0.11944134514758745	-0.9822872507286884
-0.2381016864086699	-0.19697484545462743	-0.9510565162951532
-0.32806858265058386	-0.271401934781779	-0.904827052466019
-0.41286164136542614	-0.34154885346976455	-0.8443279255020146
-0.4911436253643458	-0.40630934270713664	-0.7705132427757888
-0.5616799809962895	-0.4646620908925809	-0.6845471059286883
-0.6233583077965648	-0.5156868403289707	-0.5877852522924728
-0.6752059017066849	-0.5585789002369863	-0.481753674101715
-0.716405095198436	-0.5926618372094036	-0.36812455268467775
-0.746306152379248	-0.6173981429700081	-0.24868988716485468
-0.7644375157153536	-0.632397711200202	-0.12533323356430426
-0.7705132427757909	-0.6374239897486876	-1.3079506867532357e-16
-0.7644375157153536	-0.632397711200202	0.125333233564304
-0.746306152379248	-0.6173981429700081	0.24868988716485443
-0.7164050951984361	-0.5926618372094037	0.36812455268467753
-0.675205901706685	-0.5585789002369864	0.4817536741017147
-0.6233583077965649	-0.5156868403289708	0.5877852522924726
-0.5616799809962896	-0.4646620908925811	0.6845471059286881
-0.491143625364346	-0.40630934270713687	0.7705132427757886
-0.41286164136542636	-0.34154885346976477	0.8443279255020144
-0.32806858265058403	-0.27140193478177915	0.9048270524660189
-0.23810168640867024	-0.19697484545462773	0.9510565162951531
-0.14437978433703855	-0.1194413451475876	0.9822872507286884
-0.04838092681810936	-0.040024183476769046	0.9980267284282714
0.04838092681810636	0.04002418347676656	0.9980267284282717
-0.04298306842355156	-0.04577231883636204	-0.9980267284282714
-0.12827133660477227	-0.13659509969797612	-0.9822872507286884
-0.21153668918215343	-0.2252636942393957	-0.9510565162951532
-0.29146598180523925	-0.310379745756652	-0.904827052466019
-0.36679868178191843	-0.39060092327145285	-0.8443279255020146
-0.43634674743198515	-0.4646620908925815	-0.7705132427757888
-0.4990133642141374	-0.5313952597646556	-0.6845471059286883
-0.5538102421464981	-0.5897480079501	-0.5877852522924728
-0.5998732017300059	-0.6388000777517878	-0.481753674101715
-0.6364758025753505	-0.6777778887266604	-0.36812455268467775
-0.663040799801867	-0.7060667375114285	-0.24868988716485468
-0.679149247534133	-0.7232204920618168	-0.12533323356430426
-0.6845471059286905	-0.7289686274214098	-1.3079506867532357e-16
-0.679149247534133	-0.7232204920618168	0.125333233564304
-0.663040799801867	-0.7060667375114285	0.24868988716485443
-0.6364758025753505	-0.6777778887266606	0.36812455268467753
-0.599873201730006	-0.6388000777517879	0.4817536741017147
-0.5538102421464982	-0.5897480079501001	0.5877852522924726
-0.4990133642141375	-0.5313952597646558	0.6845471059286881
-0.43634674743198537	-0.4646620908925817	0.7705132427757886
-0.36679868178191866	-0.39060092327145307	0.8443279255020144
-0.2914659818052394	-0.31037974575665217	0.9048270524660189
-0.21153668918215374	-0.22526369423939605	0.9510565162951531
-0.12827133660477244	-0.13659509969797626	0.9822872507286884
-0.042983068423551714	-0.0457723188363622	0.9980267284282714
0.04298306842354904	0.045772318836359356	0.9980267284282717
-0.03690734136311407	-0.05079859738484782	-0.9980267284282714
-0.1101399732686667	-0.15159466792817028	-0.9822872507286884
-0.18163563200134158	-0.2500000000000004	-0.9510565162951532
-0.2502667883134883	-0.3444626827290696	-0.904827052466019
-0.3149510878717985	-0.4334929831794687	-0.8443279255020146
-0.3746684206317102	-0.5156868403289716	-0.7705132427757888
-0.4284770085821941	-0.5897480079501003	-0.6845471059286883
-0.4755282581475788	-0.6545084971874726	-0.5877852522924728
-0.515080143015164	-0.7089469964397739	-0.481753674101715
-0.5465089063334372	-0.7522049780538124	-0.36812455268467775
-0.5693188977302359	-0.783600237818469	-0.24868988716485468
-0.5831503900152043	-0.802637653732636	-0.12533323356430426
-0.5877852522924755	-0.8090169943749458	-1.3079506867532357e-16
-0.5831503900152043	-0.802637653732636	0.125333233564304
-0.5693188977302359	-0.783600237818469	0.24868988716485443
-0.5465089063334372	-0.7522049780538125	0.36812455268467753
-0.5150801430151641	-0.7089469964397741	0.4817536741017147
-0.4755282581475789	-0.6545084971874727	0.5877852522924726
-0.4284770085821943	-0.5897480079501005	0.6845471059286881
-0.37466842063171035	-0.5156868403289718	0.7705132427757886
-0.31495108787179865	-0.433492983179469	0.8443279255020144
-0.2502667883134884	-0.34446268272906977	0.9048270524660189
-0.18163563200134183	-0.2500000000000007	0.9510565162951531
-0.11013997326866683	-0.15159466792817045	0.9822872507286884
-0.0369073413631142	-0.050798597384848	0.9980267284282714
0.03690734136311191	0.050798597384844844	0.9980267284282717
-0.03024956348200319	-0.0550237517069634	-0.9980267284282714
-0.09027163675968329	-0.16420349768687215	-0.9822872507286884
-0.14887007240000125	-0.27079365641784403	-0.9510565162951532
-0.20512073806790068	-0.3731132374228174	-0.904827052466019
-0.2581365271632797	-0.4695485997865884	-0.8443279255020146
-0.30708134902200707	-0.5585789002369876	-0.7705132427757888
-0.3511833145651513	-0.6388000777517887	-0.6845471059286883
-0.38974690945085966	-0.7089469964397744	-0.5877852522924728
-0.42216396275100965	-0.7679133974894974	-0.481753674101715
-0.4479232381700489	-0.8147693455315826	-0.36812455268467775
-0.466618496546774	-0.8487758942750202	-0.24868988716485468
-0.47795490248857786	-0.8693967401315983	-0.12533323356430426
-0.4817536741017176	-0.8763066800438624	-1.3079506867532357e-16
-0.47795490248857786	-0.8693967401315983	0.125333233564304
-0.466618496546774	-0.8487758942750202	0.24868988716485443
-0.447923238170049	-0.8147693455315828	0.36812455268467753
-0.42216396275100976	-0.7679133974894975	0.4817536741017147
-0.3897469094508597	-0.7089469964397745	0.5877852522924726
-0.3511833145651514	-0.6388000777517889	0.6845471059286881
-0.30708134902200723	-0.558578900236988	0.7705132427757886
-0.2581365271632799	-0.46954859978658875	0.8443279255020144
-0.2051207380679008	-0.3731132374228176	0.9048270524660189
-0.14887007240000147	-0.2707936564178444	0.9510565162951531
-0.09027163675968339	-0.16420349768687234	0.9822872507286884
-0.0302495634820033	-0.055023751706963595	0.9980267284282714
0.03024956348200142	0.05502375170696018	0.9980267284282717
-0.023114731914567792	-0.05838114859506414	-0.9980267284282714
-0.06897966261333775	-0.17422274019663714	-0.9822872507286884
-0.11375674282624228	-0.28731673510968886	-0.9510565162951532
-0.1567398112497928	-0.395879573475363	-0.904827052466019
-0.19725099921810926	-0.4981991544803362	-0.8443279255020146
-0.2346514210967208	-0.5926618372094054	-0.7705132427757888
-0.2683512498906726	-0.6777778887266617	-0.6845471059286883
-0.2978190191685821	-0.7522049780538134	-0.5877852522924728
-0.32259000460574455	-0.8147693455315831	-0.481753674101715
-0.3422735529643465	-0.8644843137107049	-0.36812455268467775
-0.3565592429283909	-0.9005658478447118	-0.24868988716485468
-0.3652217806332873	-0.9224449205862465	-0.12533323356430426
-0.36812455268468025	-0.9297764858882505	-1.3079506867532357e-16
-0.3652217806332873	-0.9224449205862465	0.125333233564304
-0.3565592429283909	-0.9005658478447118	0.24868988716485443
-0.34227355296434653	-0.864484313710705	0.36812455268467753
-0.3225900046057446	-0.8147693455315832	0.4817536741017147
-0.2978190191685821	-0.7522049780538135	0.5877852522924726
-0.26835124989067266	-0.6777778887266619	0.6845471059286881
-0.2346514210967209	-0.5926618372094057	0.7705132427757886
-0.19725099921810937	-0.49819915448033647	0.8443279255020144
-0.15673981124979286	-0.3958795734753632	0.9048270524660189
-0.11375674282624243	-0.2873167351096893	0.9510565162951531
-0.06897966261333784	-0.17422274019663733	0.9822872507286884
-0.023114731914567876	-0.058381148595064346	0.9980267284282714
0.02311473191456644	0.05838114859506072	0.9980267284282717
-0.015615367216768119	-0.06081783989461301	-0.9980267284282714
-0.04659983798112679	-0.1814943860178809	-0.9822872507286884
-0.0768494014631292	-0.29930865725415584	-0.9510565162951532
-0.10588700397645093	-0.4124026521672079	-0.904827052466019
-0.13325470518323382	-0.5189928108981798	-0.8443279255020146
-0.15852090008677475	-0.6173981429700102	-0.7705132427757888
-0.18128712570015162	-0.70606673751143	-0.6845471059286883
-0.2011943450455575	-0.7836002378184703	-0.5877852522924728
-0.2179286093819189	-0.8487758942750209	-0.481753674101715
-0.23122600936408652	-0.9005658478447122	-0.36812455268467775
-0.2408768370508598	-0.9381533400219313	-0.24868988716485468
-0.2467288931244933	-0.9609455936013641	-0.12533323356430426
-0.24868988716485702	-0.9685831611286305	-1.3079506867532357e-16
-0.2467288931244933	-0.9609455936013641	0.125333233564304
-0.2408768370508598	-0.9381533400219313	0.24868988716485443
-0.23122600936408655	-0.9005658478447123	0.36812455268467753
-0.21792860938191896	-0.8487758942750211	0.4817536741017147
-0.20119434504555753	-0.7836002378184704	0.5877852522924726
-0.18128712570015168	-0.7060667375114302	0.6845471059286881
-0.15852090008677483	-0.6173981429700104	0.7705132427757886
-0.1332547051832339	-0.5189928108981802	0.8443279255020144
-0.10588700397645098	-0.4124026521672081	0.9048270524660189
-0.07684940146312931	-0.2993086572541563	0.9510565162951531
-0.046599837981126845	-0.18149438601788112	0.9822872507286884
-0.015615367216768173	-0.06081783989461322	0.9980267284282714
0.015615367216767203	0.06081783989460945	0.9980267284282717
-0.007869738849791844	-0.06229539752820729	-0.9980267284282714
-0.023485106066559736	-0.18590375695213174	-0.9822872507286884
-0.03873009913133564	-0.3065803030753996	-0.9510565162951532
-0.05336429539657066	-0.42242189467697283	-0.904827052466019
-0.06715690484511685	-0.5316016406568816	-0.8443279255020146
-0.07989040978666519	-0.6323977112002043	-0.7705132427757888
-0.09136399524166029	-0.7232204920618186	-0.6845471059286883
-0.10139671591348917	-0.8026376537326375	-0.5877852522924728
-0.10983034980390023	-0.8693967401315992	-0.481753674101715
-0.11653189346843305	-0.922444920586247	-0.36812455268467775
-0.12139565956018979	-0.9609455936013643	-0.24868988716485468
-0.12434494358243038	-0.9842915805643152	-0.12533323356430426
-0.12533323356430726	-0.9921147013144774	-1.3079506867532357e-16
-0.12434494358243038	-0.9842915805643152	0.125333233564304
-0.12139565956018979	-0.9609455936013643	0.24868988716485443
-0.11653189346843307	-0.9224449205862472	0.36812455268467753
-0.10983034980390026	-0.8693967401315994	0.4817536741017147
-0.10139671591348919	-0.8026376537326376	0.5877852522924726
-0.09136399524166032	-0.7232204920618188	0.6845471059286881
-0.07989040978666523	-0.6323977112002046	0.7705132427757886
-0.0671569048451169	-0.531601640656882	0.8443279255020144
-0.053364295396570685	-0.42242189467697305	0.9048270524660189
-0.038730099131335696	-0.3065803030754	0.9510565162951531
-0.023485106066559763	-0.18590375695213196	0.9822872507286884
-0.007869738849791872	-0.062295397528207515	0.9980267284282714
0.007869738849791382	0.06229539752820364	0.9980267284282717
-1.7884198453684702e-16	-0.06279051952931508	-0.9980267284282714
-5.337055086793615e-16	-0.18738131458572604	-0.9822872507286884
-8.801521781297852e-16	-0.3090169943749485	-0.9510565162951532
-1.2127183219536774e-15	-0.42577929156507366	-0.904827052466019
-1.5261591733975487e-15	-0.5358267949789973	-0.8443279255020146
-1.8155315829936418e-15	-0.6374239897486902	-0.7705132427757888
-2.076271974979928e-15	-0.7289686274214119	-0.6845471059286883
-2.3042683176160223e-15	-0.8090169943749477	-0.5877852522924728
-2.495924972380141e-15	-0.8763066800438637	-0.481753674101715
-2.648219399336517e-15	-0.9297764858882515	-0.36812455268467775
-2.758749824395769e-15	-0.9685831611286312	-0.24868988716485468
-2.8257731167270354e-15	-0.9921147013144779	-0.12533323356430426
-2.848232278972479e-15	-1.0	-1.3079506867532357e-16
-2.8257731167270354e-15	-0.9921147013144779	0.125333233564304
-2.758749824395769e-15	-0.9685831611286312	0.24868988716485443
-2.6482193993365175e-15	-0.9297764858882516	0.36812455268467753
-2.4959249723801413e-15	-0.8763066800438639	0.4817536741017147
-2.3042683176160227e-15	-0.8090169943749478	0.5877852522924726
-2.0762719749799284e-15	-0.7289686274214121	0.6845471059286881
-1.815531582993643e-15	-0.6374239897486905	0.7705132427757886
-1.5261591733975497e-15	-0.5358267949789977	0.8443279255020144
-1.212718321953678e-15	-0.4257792915650739	0.9048270524660189
-8.801521781297865e-16	-0.30901699437494895	0.9510565162951531
-5.337055086793621e-16	-0.18738131458572627	0.9822872507286884
-1.7884198453684766e-16	-0.0627905195293153	0.9980267284282714
1.7884198453683657e-16	0.0627905195293114	0.9980267284282717
0.007869738849791488	-0.06229539752820734	-0.9980267284282714
0.023485106066558674	-0.18590375695213188	-0.9822872507286884
0.03873009913133389	-0.30658030307539985	-0.9510565162951532
0.05336429539656824	-0.42242189467697316	-0.904827052466019
0.06715690484511382	-0.5316016406568821	-0.8443279255020146
0.07989040978666158	-0.6323977112002048	-0.7705132427757888
0.09136399524165616	-0.7232204920618192	-0.6845471059286883
0.10139671591348459	-0.8026376537326381	-0.5877852522924728
0.10983034980389528	-0.8693967401315998	-0.481753674101715
0.11653189346842778	-0.9224449205862477	-0.36812455268467775
0.12139565956018429	-0.960945593601365	-0.24868988716485468
0.12434494358242477	-0.984291580564316	-0.12533323356430426
0.1253332335643016	-0.9921147013144782	-1.3079506867532357e-16
0.12434494358242477	-0.984291580564316	0.125333233564304
0.12139565956018429	-0.960945593601365	0.24868988716485443
0.1165318934684278	-0.9224449205862478	0.36812455268467753
0.1098303498038953	-0.8693967401316001	0.4817536741017147
0.1013967159134846	-0.8026376537326382	0.5877852522924726
0.09136399524165618	-0.7232204920618194	0.6845471059286881
0.07989040978666162	-0.6323977112002052	0.7705132427757886
0.06715690484511386	-0.5316016406568824	0.8443279255020144
0.05336429539656827	-0.4224218946769734	0.9048270524660189
0.03873009913133395	-0.3065803030754003	0.9510565162951531
0.0234851060665587	-0.1859037569521321	0.9822872507286884
0.007869738849791516	-0.06229539752820756	0.9980267284282714
-0.007869738849791027	0.06229539752820369	0.9980267284282717
0.015615367216767826	-0.06081783989461309	-0.9980267284282714
0.046599837981125915	-0.18149438601788112	-0.9822872507286884
0.07684940146312776	-0.29930865725415623	-0.9510565162951532
0.10588700397644894	-0.4124026521672084	-0.904827052466019
0.13325470518323132	-0.5189928108981805	-0.8443279255020146
0.15852090008677178	-0.6173981429700109	-0.7705132427757888
0.1812871257001482	-0.7060667375114309	-0.6845471059286883
0.20119434504555372	-0.7836002378184713	-0.5877852522924728
0.21792860938191483	-0.848775894275022	-0.481753674101715
0.2312260093640822	-0.9005658478447133	-0.36812455268467775
0.2408768370508553	-0.9381533400219325	-0.24868988716485468
0.2467288931244887	-0.9609455936013653	-0.12533323356430426
0.24868988716485235	-0.9685831611286317	-1.3079506867532357e-16
0.2467288931244887	-0.9609455936013653	0.125333233564304
0.2408768370508553	-0.9381533400219325	0.24868988716485443
0.23122600936408222	-0.9005658478447134	0.36812455268467753
0.21792860938191488	-0.8487758942750222	0.4817536741017147
0.20119434504555375	-0.7836002378184714	0.5877852522924726
0.18128712570014827	-0.7060667375114311	0.6845471059286881
0.15852090008677186	-0.6173981429700112	0.7705132427757886
0.1332547051832314	-0.5189928108981808	0.8443279255020144
0.105887003976449	-0.4124026521672086	0.9048270524660189
0.07684940146312787	-0.2993086572541567	0.9510565162951531
0.04659983798112597	-0.18149438601788134	0.9822872507286884
0.015615367216767881	-0.060817839894613306	0.9980267284282714
-0.015615367216766912	0.060817839894609524	0.9980267284282717
0.023114731914567463	-0.05838114859506427	-0.9980267284282714
0.06897966261333677	-0.17422274019663753	-0.9822872507286884
0.11375674282624064	-0.2873167351096895	-0.9510565162951532
0.15673981124979056	-0.3958795734753639	-0.904827052466019
0.19725099921810643	-0.4981991544803373	-0.8443279255020146
0.2346514210967174	-0.5926618372094067	-0.7705132427757888
0.2683512498906687	-0.6777778887266632	-0.6845471059286883
0.29781901916857784	-0.752204978053815	-0.5877852522924728
0.32259000460573994	-0.8147693455315849	-0.481753674101715
0.3422735529643416	-0.8644843137107069	-0.36812455268467775
0.3565592429283858	-0.9005658478447138	-0.24868988716485468
0.3652217806332821	-0.9224449205862485	-0.12533323356430426
0.368124552684675	-0.9297764858882526	-1.3079506867532357e-16
0.3652217806332821	-0.9224449205862485	0.125333233564304
0.3565592429283858	-0.9005658478447138	0.24868988716485443
0.34227355296434164	-0.864484313710707	0.36812455268467753
0.32259000460574	-0.8147693455315851	0.4817536741017147
0.2978190191685779	-0.7522049780538151	0.5877852522924726
0.26835124989066883	-0.6777778887266634	0.6845471059286881
0.23465142109671755	-0.592661837209407	0.7705132427757886
0.19725099921810657	-0.49819915448033764	0.8443279255020144
0.15673981124979064	-0.39587957347536407	0.9048270524660189
0.1137567428262408	-0.28731673510968997	0.9510565162951531
0.06897966261333685	-0.17422274019663772	0.9822872507286884
0.023114731914567543	-0.05838114859506448	0.9980267284282714
-0.02311473191456611	0.05838114859506085	0.9980267284282717
0.03024956348200288	-0.05502375170696357	-0.9980267284282714
0.09027163675968235	-0.16420349768687265	-0.9822872507286884
0.1488700723999997	-0.27079365641784486	-0.9510565162951532
0.20512073806789857	-0.37311323742281854	-0.904827052466019
0.25813652716327706	-0.46954859978658986	-0.8443279255020146
0.3070813490220039	-0.5585789002369893	-0.7705132427757888
0.3511833145651476	-0.6388000777517906	-0.6845471059286883
0.3897469094508556	-0.7089469964397767	-0.5877852522924728
0.42216396275100526	-0.7679133974894997	-0.481753674101715
0.44792323817004426	-0.8147693455315852	-0.36812455268467775
0.4666184965467692	-0.8487758942750228	-0.24868988716485468
0.4779549024885729	-0.8693967401316008	-0.12533323356430426
0.4817536741017126	-0.876306680043865	-1.3079506867532357e-16
0.4779549024885729	-0.8693967401316008	0.125333233564304
0.4666184965467692	-0.8487758942750228	0.24868988716485443
0.4479232381700443	-0.8147693455315853	0.36812455268467753
0.4221639627510054	-0.7679133974894998	0.4817536741017147
0.38974690945085566	-0.7089469964397768	0.5877852522924726
0.35118331456514773	-0.6388000777517908	0.6845471059286881
0.30708134902200407	-0.5585789002369896	0.7705132427757886
0.25813652716327723	-0.46954859978659014	0.8443279255020144
0.20512073806789868	-0.3731132374228187	0.9048270524660189
0.14887007239999991	-0.27079365641784525	0.9510565162951531
0.09027163675968246	-0.16420349768687284	0.9822872507286884
0.030249563482002986	-0.05502375170696376	0.9980267284282714
-0.030249563482001106	0.05502375170696035	0.9980267284282717
0.03690734136311378	-0.05079859738484803	-0.9980267284282714
0.11013997326866583	-0.1515946679281709	-0.9822872507286884
0.18163563200134014	-0.2500000000000014	-0.9510565162951532
0.2502667883134863	-0.344462682729071	-0.904827052466019
0.314951087871796	-0.4334929831794705	-0.8443279255020146
0.3746684206317072	-0.5156868403289737	-0.7705132427757888
0.42847700858219073	-0.5897480079501027	-0.6845471059286883
0.47552825814757504	-0.6545084971874753	-0.5877852522924728
0.5150801430151599	-0.7089469964397768	-0.481753674101715
0.5465089063334329	-0.7522049780538155	-0.36812455268467775
0.5693188977302314	-0.7836002378184722	-0.24868988716485468
0.5831503900151997	-0.8026376537326393	-0.12533323356430426
0.5877852522924708	-0.8090169943749491	-1.3079506867532357e-16
0.5831503900151997	-0.8026376537326393	0.125333233564304
0.5693188977302314	-0.7836002378184722	0.24868988716485443
0.5465089063334329	-0.7522049780538156	0.36812455268467753
0.51508014301516	-0.708946996439777	0.4817536741017147
0.4755282581475751	-0.6545084971874754	0.5877852522924726
0.42847700858219084	-0.589748007950103	0.6845471059286881
0.3746684206317074	-0.5156868403289739	0.7705132427757886
0.31495108787179615	-0.43349298317947077	0.8443279255020144
0.2502667883134864	-0.3444626827290712	0.9048270524660189
0.1816356320013404	-0.2500000000000018	0.9510565162951531
0.11013997326866595	-0.15159466792817108	0.9822872507286884
0.03690734136311391	-0.05079859738484821	0.9980267284282714
-0.03690734136311162	0.05079859738484506	0.9980267284282717
0.042983068423551325	-0.045772318836362264	-0.9980267284282714
0.12827133660477158	-0.13659509969797679	-0.9822872507286884
0.21153668918215227	-0.22526369423939682	-0.9510565162951532
0.2914659818052377	-0.3103797457566535	-0.904827052466019
0.3667986817819164	-0.39060092327145474	-0.8443279255020146
0.43634674743198276	-0.4646620908925837	-0.7705132427757888
0.4990133642141346	-0.5313952597646583	-0.6845471059286883
0.5538102421464951	-0.5897480079501028	-0.5877852522924728
0.5998732017300026	-0.6388000777517909	-0.481753674101715
0.636475802575347	-0.6777778887266638	-0.36812455268467775
0.6630407998018634	-0.7060667375114319	-0.24868988716485468
0.6791492475341293	-0.7232204920618204	-0.12533323356430426
0.6845471059286867	-0.7289686274214133	-1.3079506867532357e-16
0.6791492475341293	-0.7232204920618204	0.125333233564304
0.6630407998018634	-0.7060667375114319	0.24868988716485443
0.6364758025753471	-0.6777778887266638	0.36812455268467753
0.5998732017300027	-0.638800077751791	0.4817536741017147
0.5538102421464951	-0.589748007950103	0.5877852522924726
0.4990133642141348	-0.5313952597646584	0.6845471059286881
0.436346747431983	-0.464662090892584	0.7705132427757886
0.3667986817819166	-0.39060092327145496	0.8443279255020144
0.2914659818052378	-0.31037974575665367	0.9048270524660189
0.21153668918215257	-0.22526369423939713	0.9510565162951531
0.12827133660477172	-0.13659509969797692	0.9822872507286884
0.04298306842355148	-0.04577231883636242	0.9980267284282714
-0.042983068423548806	0.045772318836359585	0.9980267284282717
0.04838092681810898	-0.04002418347676916	-0.9980267284282714
0.14437978433703777	-0.1194413451475882	-0.9822872507286884
0.23810168640866888	-0.19697484545462868	-0.9510565162951532
0.3280685826505825	-0.2714019347817807	-0.904827052466019
0.4128616413654243	-0.34154885346976666	-0.8443279255020146
0.49114362536434364	-0.4063093427071392	-0.7705132427757888
0.561679980996287	-0.46466209089258387	-0.6845471059286883
0.623358307796562	-0.5156868403289739	-0.5877852522924728
0.6752059017066819	-0.5585789002369898	-0.481753674101715
0.716405095198433	-0.5926618372094073	-0.36812455268467775
0.7463061523792448	-0.6173981429700119	-0.24868988716485468
0.7644375157153502	-0.632397711200206	-0.12533323356430426
0.7705132427757876	-0.6374239897486916	-1.3079506867532357e-16
0.7644375157153502	-0.632397711200206	0.125333233564304
0.7463061523792448	-0.6173981429700119	0.24868988716485443
0.716405095198433	-0.5926618372094073	0.36812455268467753
0.6752059017066822	-0.5585789002369899	0.4817536741017147
0.6233583077965621	-0.515686840328974	0.5877852522924726
0.5616799809962871	-0.464662090892584	0.6845471059286881
0.4911436253643439	-0.4063093427071394	0.7705132427757886
0.4128616413654246	-0.3415488534697669	0.8443279255020144
0.32806858265058264	-0.2714019347817808	0.9048270524660189
0.23810168640866922	-0.19697484545462896	0.9510565162951531
0.14437978433703794	-0.11944134514758833	0.9822872507286884
0.048380926818109155	-0.0400241834767693	0.9980267284282714
-0.04838092681810615	0.04002418347676681	0.9980267284282717
0.05301578909538025	-0.03364484283445916	-0.9980267284282714
0.1582112766220062	-0.1004039292334212	-0.9822872507286884
0.2609116778054676	-0.1655795856899721	-0.9510565162951532
0.3594973459688555	-0.2281439531677423	-0.904827052466019
0.4524135262330094	-0.2871103542174655	-0.8443279255020146
0.5381948749297282	-0.3415488534697672	-0.7705132427757888
0.6154885689467707	-0.3906009232714554	-0.6845471059286883
0.6830756405564735	-0.4334929831794713	-0.5877852522924728
0.7398902012649919	-0.4695485997865909	-0.481753674101715
0.7850362515105793	-0.4981991544803386	-0.36812455268467775
0.8178018111119194	-0.5189928108981822	-0.24868988716485468
0.8376701476209026	-0.5316016406568839	-0.12533323356430426
0.8443279255020133	-0.5358267949789993	-1.3079506867532357e-16
0.8376701476209026	-0.5316016406568839	0.125333233564304
0.8178018111119194	-0.5189928108981822	0.24868988716485443
0.7850362515105794	-0.49819915448033864	0.36812455268467753
0.7398902012649922	-0.469548599786591	0.4817536741017147
0.6830756405564736	-0.4334929831794714	0.5877852522924726
0.615488568946771	-0.3906009232714555	0.6845471059286881
0.5381948749297285	-0.3415488534697674	0.7705132427757886
0.4524135262330097	-0.28711035421746567	0.8443279255020144
0.3594973459688557	-0.2281439531677424	0.9048270524660189
0.260911677805468	-0.16557958568997236	0.9510565162951531
0.1582112766220064	-0.10040392923342133	0.9822872507286884
0.05301578909538044	-0.03364484283445928	0.9980267284282714
-0.05301578909537715	0.03364484283445719	0.9980267284282717
0.05681456070852012	-0.026734902922194808	-0.9980267284282714
0.1695476825638102	-0.07978308337684298	-0.9822872507286884
0.2796069361821928	-0.13157303694653447	-0.9510565162951532
0.38525662138789496	-0.18128800512565676	-0.904827052466019
0.4848305795331596	-0.22814395316774239	-0.8443279255020146
0.5767584698154368	-0.2714019347817812	-0.7705132427757888
0.6595905344899151	-0.31037974575665417	-0.6845471059286883
0.7320204624152011	-0.3444626827290718	-0.5877852522924728
0.7929059903603713	-0.3731132374228195	-0.481753674101715
0.8412869171784789	-0.39587957347536507	-0.36812455268467775
0.8764002467522378	-0.4124026521672099	-0.24868988716485468
0.8976922208985831	-0.42242189467697483	-0.12533323356430426
0.9048270524660182	-0.42577929156507544	-1.3079506867532357e-16
0.8976922208985831	-0.42242189467697483	0.125333233564304
0.8764002467522378	-0.4124026521672099	0.24868988716485443
0.841286917178479	-0.3958795734753651	0.36812455268467753
0.7929059903603716	-0.3731132374228196	0.4817536741017147
0.7320204624152012	-0.3444626827290719	0.5877852522924726
0.6595905344899153	-0.3103797457566543	0.6845471059286881
0.5767584698154371	-0.2714019347817814	0.7705132427757886
0.4848305795331599	-0.22814395316774255	0.8443279255020144
0.3852566213878952	-0.18128800512565685	0.9048270524660189
0.2796069361821932	-0.13157303694653466	0.9510565162951531
0.16954768256381042	-0.07978308337684306	0.9822872507286884
0.05681456070852032	-0.026734902922194905	0.9980267284282714
-0.056814560708516794	0.026734902922193243	0.9980267284282717
0.05971733275991315	-0.01940333762019056	-0.9980267284282714
0.1782102202687067	-0.057904010635308076	-0.9822872507286884
0.2938926261462373	-0.09549150281252747	-0.9510565162951532
0.40494016974649705	-0.13157303694653463	-0.904827052466019
0.5096015649703222	-0.1655795856899724	-0.8443279255020146
0.6062262390933464	-0.1969748454546293	-0.7705132427757888
0.6932903632838671	-0.22526369423939757	-0.6845471059286883
0.7694208842938128	-0.2500000000000023	-0.5877852522924728
0.833417178328688	-0.27079365641784586	-0.481753674101715
0.8842699856020296	-0.28731673510969075	-0.36812455268467775
0.9211773269651425	-0.2993086572541577	-0.24868988716485468
0.9435571515973532	-0.3065803030754014	-0.12533323356430426
0.9510565162951526	-0.30901699437495017	-1.3079506867532357e-16
0.9435571515973532	-0.3065803030754014	0.125333233564304
0.9211773269651425	-0.2993086572541577	0.24868988716485443
0.8842699856020297	-0.28731673510969075	0.36812455268467753
0.8334171783286882	-0.270793656417846	0.4817536741017147
0.769420884293813	-0.25000000000000233	0.5877852522924726
0.6932903632838673	-0.22526369423939765	0.6845471059286881
0.6062262390933467	-0.1969748454546294	0.7705132427757886
0.5096015649703225	-0.1655795856899725	0.8443279255020144
0.4049401697464972	-0.13157303694653472	0.9048270524660189
0.29389262614623773	-0.0954915028125276	0.9510565162951531
0.1782102202687069	-0.057904010635308145	0.9822872507286884
0.05971733275991336	-0.019403337620190624	0.9980267284282714
-0.059717332759909654	0.01940333762018942	0.9980267284282717
0.06167832680027691	-0.011765770092923842	-0.9980267284282714
0.18406227634234026	-0.03511175705587506	-0.9822872507286884
0.3035434538330107	-0.057904010635308145	-0.9510565162951532
0.4182375697286647	-0.07978308337684317	-0.904827052466019
0.5263358293066838	-0.1004039292334215	-0.8443279255020146
0.6261334584387523	-0.11944134514758872	-0.7705132427757888
0.7160565888972441	-0.13659509969797742	-0.6845471059286883
0.7946870791973539	-0.15159466792817164	-0.5877852522924728
0.860784879535471	-0.1642034976868735	-0.481753674101715
0.9133075881153515	-0.17422274019663847	-0.36812455268467775
0.9514268904471451	-0.18149438601788223	-0.24868988716485468
0.974541622361712	-0.18590375695213304	-0.12533323356430426
0.9822872507286882	-0.1873813145857273	-1.3079506867532357e-16
0.974541622361712	-0.18590375695213304	0.125333233564304
0.9514268904471451	-0.18149438601788223	0.24868988716485443
0.9133075881153515	-0.1742227401966385	0.36812455268467753
0.8607848795354712	-0.16420349768687353	0.4817536741017147
0.794687079197354	-0.15159466792817167	0.5877852522924726
0.7160565888972443	-0.13659509969797745	0.6845471059286881
0.6261334584387527	-0.11944134514758879	0.7705132427757886
0.5263358293066841	-0.10040392923342156	0.8443279255020144
0.41823756972866494	-0.07978308337684321	0.9048270524660189
0.3035434538330111	-0.05790401063530823	0.9510565162951531
0.1840622763423405	-0.035111757055875104	0.9822872507286884
0.061678326800277135	-0.011765770092923884	0.9980267284282714
-0.061678326800273305	0.011765770092923154	0.9980267284282717
0.06266661678215382	-0.003942649342761352	-0.9980267284282714
0.18701156036458091	-0.011765770092923922	-0.9822872507286884
0.30840721992476744	-0.019403337620190714	-0.9510565162951532
0.42493911339319757	-0.026734902922195058	-0.904827052466019
0.5347694631970948	-0.033644842834459496	-0.8443279255020146
0.6361661791105813	-0.04002418347676961	-0.7705132427757888
0.7275301743522392	-0.04577231883636279	-0.6845471059286883
0.8074205841389023	-0.050798597384848626	-0.5877852522924728
0.8745774889840173	-0.055023751706964226	-0.481753674101715
0.9279417843805865	-0.05838114859506499	-0.36812455268467775
0.9666718835119211	-0.060817839894613875	-0.24868988716485468
0.9901569895784801	-0.06229539752820816	-0.12533323356430426
0.9980267284282714	-0.06279051952931593	-1.3079506867532357e-16
0.9901569895784801	-0.06229539752820816	0.125333233564304
0.9666718835119211	-0.060817839894613875	0.24868988716485443
0.9279417843805866	-0.058381148595065	0.36812455268467753
0.8745774889840175	-0.05502375170696424	0.4817536741017147
0.8074205841389024	-0.05079859738484863	0.5877852522924726
0.7275301743522394	-0.045772318836362805	0.6845471059286881
0.6361661791105816	-0.04002418347676963	0.7705132427757886
0.5347694631970952	-0.03364484283445952	0.8443279255020144
0.4249391133931978	-0.02673490292219507	0.9048270524660189
0.3084072199247679	-0.019403337620190742	0.9510565162951531
0.18701156036458114	-0.011765770092923936	0.9822872507286884
0.06266661678215404	-0.003942649342761366	0.9980267284282714
-0.06266661678215014	0.003942649342761121	0.9980267284282717
0.06266661678215384	0.003942649342760987	-0.9980267284282714
0.18701156036458097	0.011765770092922833	-0.9822872507286884
0.3084072199247675	0.019403337620188917	-0.9510565162951532
0.42493911339319773	0.02673490292219258	-0.904827052466019
0.5347694631970951	0.03364484283445638	-0.8443279255020146
0.6361661791105815	0.0400241834767659	-0.7705132427757888
0.7275301743522394	0.04577231883635855	-0.6845471059286883
0.8074205841389026	0.05079859738484392	-0.5877852522924728
0.8745774889840175	0.05502375170695913	-0.481753674101715
0.9279417843805868	0.05838114859505958	-0.36812455268467775
0.9666718835119215	0.06081783989460824	-0.24868988716485468
0.9901569895784804	0.062295397528202394	-0.12533323356430426
0.9980267284282718	0.06279051952931011	-1.3079506867532357e-16
0.9901569895784804	0.062295397528202394	0.125333233564304
0.9666718835119215	0.06081783989460824	0.24868988716485443
0.9279417843805869	0.058381148595059586	0.36812455268467753
0.8745774889840178	0.05502375170695915	0.4817536741017147
0.8074205841389027	0.05079859738484393	0.5877852522924726
0.7275301743522397	0.045772318836358565	0.6845471059286881
0.6361661791105818	0.04002418347676592	0.7705132427757886
0.5347694631970954	0.0336448428344564	0.8443279255020144
0.42493911339319795	0.026734902922192594	0.9048270524660189
0.30840721992476794	0.019403337620188945	0.9510565162951531
0.1870115603645812	0.011765770092922847	0.9822872507286884
0.06266661678215406	0.0039426493427610005	0.9980267284282714
-0.06266661678215017	-0.003942649342760756	0.9980267284282717
